        0.0657212233873869650091
        0.0153083361774654681808
       -0.6419192484330638048817
       -0.4199977588729726929451
        0.4685156390996548791961
        1.3504388902856543364095
        0.7667158904390728446643
       -0.5835516152418640523081
       -1.1595302774913234244991
       -1.7155848302817555683930
       -0.1363349366943513718553
        0.6822227447604973793460
        0.7321793884433237531439
        0.6238826655495457451650
       -0.3514777228967186362141
       -1.3181359249607782491154
       -2.7761196998106609790113
       -1.0831464057759032648676
        2.5692986713276391164129
        1.7785426042391874190685
        1.2128081770040464171245
        0.2644817504226950610757
       -0.0036179713829482817999
        0.9967596894114685301957
       -1.1396219792665176484547
       -1.2061199077999953388485
       -1.6804396505351801849315
       -0.9916650454182888152488
        1.4856259853427005168669
        1.5207242544675709794433
        1.0961397879555754286685
        0.4703126490868119180533
        0.3266541956613469022130
        0.0933936474317773879239
       -0.3954333871737477079655
       -0.3613640343165454571484
       -0.5648565487931210826744
       -0.8037530537247710160642
       -0.8876204820970294839810
        0.2162210125798975646205
        0.9089075553815335606345
        0.5584886214304413121212
       -0.0374660295429509737630
       -0.3606989630165671756323
       -0.4176301987055910380775
        0.0538301387557806321205
        0.0468885097754946911230
        0.2469008218246189489964
       -0.9292168101576682159859
       -1.5316354184720490927418
       -1.3979831653375445199572
        1.3610964613398870426408
        2.0506104236782780603221
        1.3846034442168699829523
        0.4435663506280486667599
        0.2601017166932334534479
        0.3157320881586608285474
       -0.3825285974787691611887
       -0.7844885009909015050056
       -1.3791976286621208114269
       -2.2399660685808830962173
       -1.4571950113534597459619
        0.4520391182168536636787
        2.4319031261390948728263
        2.1996529493243741626429
        0.7649090289484508087270
        0.6400204684710663061153
        0.6832121307671672472139
        0.7161318404067829046511
       -1.3092232966944976624291
       -1.4549808754378861230805
       -1.7642498231367291783300
       -1.9562573133471774511349
       -0.7385589054524492880205
        3.1919475711206777290840
        1.3767754610567302098190
       -0.1355053021705932003727
       -0.2734628276776383537516
       -0.5313633318795598636797
       -0.3017708092343410752889
        0.4047987397959614264131
       -0.0449205460967324055055
       -1.1540718744212918878134
       -1.9017655981497174622064
       -1.2314921655759998309065
        1.7155651808764995625012
        2.4374561692852996230840
        1.0076740196032172303120
       -0.6110193422841496690978
       -0.5673676239084927130918
       -0.3047453830129253082859
       -0.3894912605513146663938
        0.2049836027502567881164
       -1.1485539326179281527374
       -3.2136110778436437485084
       -1.0832510342198529151858
        0.0999530769715643446771
        2.9842511862393021893070
        2.1471246572405702224273
        1.1868112155564165544064
        0.1243230839072933524569
       -0.3970052765912708281348
       -0.4654209473908342276083
        0.7002502086198529873684
        0.1567406051403302802427
        0.8956847247672177214639
        0.2452052410598052345492
       -0.2390477734852611002569
        0.1954531918187518146901
       -0.7322920804571715347464
       -0.4018393356493966672716
        0.1609263198846458964297
        0.1995955221155510939113
        0.6596049285369794956679
       -0.2758681600755498730670
        0.0166073451999916854582
        0.4875831121328146888771
       -1.2542168296668703142416
       -0.3604991550481703721509
       -0.6759800186317682646475
        0.1928453470558894045084
        0.9568844479533178404296
       -0.1336335850433691685435
        0.9385033324192649795137
       -0.1953390452391636500362
       -0.5678820604120276005489
       -0.6475123347251414696046
       -1.2318614586748419803541
        0.0889195064790326145099
        0.8094082536254810777976
        0.2461187766175615132536
        1.2244958163110299942389
       -1.0518794270631421916562
        0.7866390913587949507146
       -0.5973134392161937311627
       -1.4125779511957192724481
       -0.1206733138756006518122
        0.8631691342700922309206
        0.4180938751425050670107
        1.0783517298256322103356
       -0.2475114566532928273013
        0.0304583511605640566700
       -0.1119991927346618287853
        0.5617388052947629439871
       -0.5635605958882878852023
       -0.7387084571315883918530
        0.6320783570473580414983
        0.0525261492936282547994
        0.3516919255405689948013
        0.7457332022110878533283
       -0.8791213019965535835354
       -0.1893041643233752957531
       -0.4148384629090462460965
       -1.2000015582698744243118
        0.8834353993086668799251
       -0.0752366313126673902367
        0.9993772121759121329632
        0.5648330190835376685143
        0.3990023294326413560995
       -0.9847712875102208052169
        0.3452598259439532135673
       -0.2759781242638942866385
       -0.2105469768174291211871
       -0.1507629605725246679793
        1.2199082849547369100662
       -0.3489558925527698196589
       -0.1489584952011182850118
       -0.1917779474447887100297
        0.1009218798613039230760
       -0.2421248860231191291081
       -0.5936741834784234894684
       -0.5205800368345006035042
        1.4934137933414506349550
       -0.4680252463129435103184
       -0.1640495242353718075012
        1.1467473880849725631492
       -0.1201178605842284641270
       -0.5720677470433445099829
        0.0482517045385748577502
        1.4686500546539655864819
       -0.9032577097534045806881
       -0.3622770328324487754124
       -0.5185311249232499308803
        0.8422017128908534377985
       -0.0916690144407350804290
       -0.0826791372184287332026
       -0.9464148381811604560099
        0.4497801343882105729044
       -0.3312406371962028361899
        0.5255730593994993871121
        0.8038051339076091039715
       -0.2732158328160809168672
       -1.2775466463294367081005
        1.0035827818991132076576
        1.0814114526214244627056
        0.6466514400101450732450
       -0.4522019828379459926992
       -0.5348823092927803557473
        0.1857691804845623406717
       -0.0349902951817550739166
       -0.2402656865595555468751
       -0.7960686290863151493014
       -0.2984832329813467133306
       -0.3696938286084572311552
       -0.1190219765316937738930
       -0.6741035308618760213406
        0.4672302061477915380294
        0.3676511172892501511100
        1.3093827648993809908973
       -0.1360111243911842349164
       -0.3797406233115342422124
       -0.4554872341231112065074
        0.0313026262254897449933
       -0.5820573238212647382284
        0.0703143217402799614035
       -0.2035035755566473314460
        0.3068987464361240258270
        0.5933489152845771164024
        0.3771735529781108375857
       -0.1792996964287741079591
       -0.5290123605854416544148
       -0.2691003126513118459684
       -0.5026909791478755273886
       -0.2192300782668287761901
        0.4042591808256941199318
        0.2584933288691120267799
        0.3787385452728363466335
        0.6686265295911946182628
        0.1446658638347437797478
        0.1180578827710189182554
       -1.1090114261350367819148
       -1.0319453813385486284915
       -1.3911618828498419908613
        0.2998383404716526978717
        1.2728612243376258295058
        1.3492154643659750590245
       -0.0418603059261612731046
        0.6300924191989812905845
        0.7839258735487272256037
        0.3910667305576168151227
       -0.6815365622914620891137
       -0.2245263630346568950458
        0.1358164750184355229479
        0.3715674099168886357347
       -0.4904287917037752908556
       -0.8243994093089990204959
       -0.1118517533883708059417
       -0.3984954137401626184101
        0.0258005153661407526933
       -1.7230545313301912635495
       -1.5223686970480527769212
       -0.1864171271257568651691
        1.7299595369044293846628
        0.7847593536951560366788
        0.7168946842855283829721
       -0.0216199895350500104207
        1.0762076418878463446305
        0.3830470458949294942919
        1.5496459905481962948670
        0.6087383882095278586633
        0.4419395085051895932793
       -0.0725560749108475899760
       -0.0513127180043077002480
       -1.9080385456461914639448
       -1.3151556411254277101364
       -1.2297778606089067032769
        0.6729167637712737404243
        1.2099415701814786316959
       -1.0372199831778505796365
       -0.8135094418020413220560
        0.7640428958345608645431
        0.9110795352046643369448
        0.3236690156989385780406
       -0.4666972667268152186182
        0.4392930958465495194787
       -0.4890835163377640348870
       -0.4829891756884239217840
        0.7610066378800985908981
        0.9081124730102985154190
        0.3856234491999772084903
       -1.9005252611015539532247
       -0.0520955220244559980003
        0.4181302543589885400976
       -0.0378477697009202973533
       -0.9209619912584066092620
        0.7981268137223385128465
        0.8641972208462471716217
       -0.1312780231948577069900
       -0.2910211043165234490182
        0.0704797361077696832288
       -0.6744314826350273905931
       -0.7844775847144905833730
        1.0343919181492620129603
        0.8921018764146364521395
       -0.5724326299174874455034
        0.3384055966204255749830
        0.6716069068198763369892
        1.7755441030907186394927
        0.1863570430657359444648
       -1.2059590725445077374900
       -0.9956104610956313383241
       -0.4386773082603517837086
        0.3133591540788521756511
       -0.4542691644944269468986
       -0.6730051645527160841809
       -1.5702190117721845918908
       -1.3267888214457919104916
       -2.2057552828640627495815
       -0.1035069556113068223180
        0.2025337521906082627332
        1.7507802992641190442669
        2.1134211144262939896521
        0.8438955279048654389840
        0.8085669938763296871187
       -0.5289421157883414936762
       -0.2733012746544739579591
        1.1165204475290302355006
        2.1994568267421756857516
        1.2399654353159803577000
       -2.0683765651183589895368
       -1.2676458277085100867509
       -0.5953963808368615273636
        0.0178795813142522685979
       -0.1242987257466746237045
       -0.1735657254589123565935
       -0.1955269040076699771369
       -0.2555743026119665639584
        0.4640755332476496630711
        1.8302351220359693861894
        1.9521004659232157329996
       -0.5158569920689388688118
       -1.6216115554457570802072
       -0.6906312291277932891020
       -0.1677440883413216510256
       -0.2181424119361521085647
       -0.4444495159714945131668
       -0.4713267592053692056631
        0.4758271914719165440744
        0.3363956061808677233671
        0.9721394697030759646239
       -0.1699668770820460528270
       -0.9269137839705194892304
       -0.9259546648510155186784
       -0.1711270652786182067118
        0.8791103540582059228115
        0.3247473632490583961285
        0.0448717503402126377532
       -0.3347535116889091000303
        0.4540144829182357621988
        1.4583166362939121718512
        0.9031050060101930565537
       -0.8837466562760771804363
       -1.1384661972000813534578
       -0.5355270497753458203150
        0.3832536220820563777067
        1.0111838503869821082048
        1.0620138773363052564491
       -0.7222881346158789295231
       -0.5440293152060393655489
       -1.1445427038920121809440
        0.3962306715644899335338
       -0.3348002294685984980838
       -1.1130384800584556259651
       -0.1455804677852973738617
        0.0859623235343024844068
        0.6544990865711206584621
        1.0355747465671727436387
        0.7282912035576983855734
        2.2063072078091554573120
        0.4249040788425415549057
        1.2875884618249662239009
        2.1409805073168906019987
       -0.9034170983676012012253
        0.4317243319325368977601
       -2.4728227627246908149061
       -2.5701392740290147642668
       -1.0935314592385014798026
        0.6645765314335652096389
       -0.8796201170554660553336
       -0.4344961273056733297437
        0.0299797532283738177306
        0.5160917913182763161473
       -0.5864715848650563501110
        0.7640427476420522667766
        2.3302911187728740927128
       -0.0521162412030433258581
       -1.1186876812899804178869
       -1.0102852501409214092121
       -0.5626521450011781055878
        0.1289435310480368246377
        0.1125387682917637632851
        0.0920178584639070873408
       -0.5239405648495810696730
       -0.5404465632812669451113
       -0.3045556520552810120250
        0.1002531405716633738923
        0.4505870919478434100114
        0.4240262078510791399211
        0.1021495391827962340159
       -0.3498817938753545631059
       -0.0813994766960037252623
       -0.5598395371475488602186
        0.0323851500972707206927
        0.1367322669657884404160
        0.8238089867601445792644
        0.1786016329651271272727
       -0.8526020196454731081559
       -0.1245975848297339733106
       -0.3605070876666267021271
       -0.1364940495180982926726
       -0.0154797350058825528007
        0.0301151571206231816191
       -0.1166496602898310502860
       -0.1987971936411263018663
        0.1541232494191427937480
       -0.3729643163423408402934
       -0.5685412145319053145442
       -0.4629269580642746961807
        0.3489051629390172437617
       -1.1187230934493568312860
       -0.2818012240465014306423
        0.8206675884982622681818
        0.4768863769466946678222
       -0.4000391203580462295974
       -0.2141338340303642617801
       -0.8056905093126751626897
        0.3298537855020519105054
        0.5731660639812670154924
        0.6365380408885227270233
       -0.3778431559193053956847
        0.6227027511287968053466
        0.9883217558340533503980
       -0.2973621311728775196137
        0.1148865025352678037596
        0.1011869331932350180026
       -0.1191027685042354705702
       -0.5551810888825795542445
       -0.1039292747505204811409
       -0.0514072142397669629155
        0.8740865458160599343884
        0.1561276441374702117493
       -0.4593133916485468426494
       -0.7262648517700011074893
        0.4923692443229498172386
        0.4364511222180382787883
       -0.3045532799740370277775
       -0.6059800978642941871044
        0.8482795527782654998461
        0.4435678158643363011571
       -0.9212217751459915726642
       -0.0505481849629139806668
        0.3324037717838263517045
        0.2967289120774498356603
        0.2115789227651607429248
       -0.6616457630212461138441
       -0.7063362833977148147468
        1.2973217390552731487219
        0.2312261334444021820822
       -0.6067382513372000518714
       -0.4158343551336897148119
        0.9369382733130666718324
        0.8422442123553258719326
       -1.0226081736695149526639
       -0.3554919440830855981162
        0.3159701487310956902199
        0.6416420464944527779494
       -0.7334940358424848483310
       -0.3435316290840071951074
        0.7440388677914739901098
        0.8603074019373406766675
       -0.6185435722116285894856
       -1.4637304093060210519184
       -0.4199253868140309098322
        1.0449263536983357525401
       -0.0149016307065819864075
       -0.7859933925332853732471
       -0.2607297545589335463490
        0.9421460598186355284156
        0.4132799553761190569645
       -0.9184019029986425497469
        0.1348705852055553933155
        0.0152749581347733642822
        0.6595224980929479396963
       -0.7337961865493403124105
       -0.3906419740533791928883
        0.3776096089809874989385
        1.0720646072428454687042
       -0.5298531715609803294242
       -0.3275753606015814334285
        0.5320570117117242592286
        0.5682155802865490601405
        0.4201504794825475785913
       -0.5916913502105194400116
       -0.4869884980998664958385
        0.1692372449788239474611
        0.1096885013409739928480
       -0.0737670092875464533666
       -0.9220022057592188735597
       -1.4154601856901742884531
        1.2668977301423205439335
        0.8151807717353201088173
       -0.6950501693203595676707
        0.1841980322134564584946
        0.4524356697504152702294
       -0.9420580458404369528225
       -0.4458533364265586662611
       -0.1379438154889107981393
        0.6019103303535864313289
        0.3075104928121821235010
        0.4233079217075818578842
       -0.1225333986316924084203
       -0.3505197444453131971898
        0.6910723780319952824769
       -0.0998622628974594334084
       -1.0263062587657385549278
        0.2489350231905711752223
        0.8040708520023617245087
       -0.5000031691856537952035
        0.0058362900712985998908
        0.4598734518431444873166
       -0.2315056605793809618721
       -0.5360909234350794694279
        0.8398575589774852634406
       -0.1604769734442336170943
        0.5263629400630635002400
       -0.7474583631856653864745
        0.3796518090059495253996
       -1.1718856223074172184795
        0.3310772716163185025451
        0.7940563361157434441040
       -0.4505295382895350142505
       -0.0381553345450405395622
        0.4843717044867020815602
        0.3371645084030884254034
       -1.3609704599827026072489
        0.0867592427376573382958
        0.6215113867719460616357
       -0.1709848738454478600524
       -0.2067173089357567106195
        0.9107683983052169418571
       -0.8874176971963462223769
       -0.0705723108026050371944
        0.3307783621845261645689
        0.0870262665018815134710
       -0.7714417083183822132497
        0.9980704954490500213637
        0.1473910274822795296590
       -0.6184040296151132043434
        0.5099626315510760177219
        1.1734635512166859960814
       -0.1385229768877834222174
       -1.1134214811752762841479
       -0.0851707429525629666767
       -0.8877121541447865471497
       -0.1484236125509227066654
        0.8887338875185023523429
        0.5570040128785380684207
       -0.7532456447575998081945
        0.0346267757663339392771
       -0.5466199940622580299987
       -0.2164962507567649296902
        0.4113876910989957558229
        0.9728745959117695019103
       -0.0159664121790529245359
       -0.4557548991338841171128
       -0.1316509882115318719187
        0.3820196620144473698133
       -0.3379132600524759055816
        0.7292696268791968305933
       -0.1778602959135665850798
        0.2623104983728704042711
        1.0034129276754670812011
       -0.8868229177894905168600
       -0.1608174179294656613859
       -0.6459208604610966464321
        0.5310577287385083167237
        0.2401292944972132359371
        0.2021497728502728574718
        0.0269719957928181708340
        0.6170767426599814697852
       -1.1633650281276692872723
       -0.0377270838648985640251
       -0.0511946266127853155670
        0.2788591290480750828351
        0.4060054506706588517417
        1.4053557468254567197619
       -1.4871046389465418791076
        0.1236938516245655456105
       -1.2293911856822044015303
       -0.9059137323081637438449
        0.1228317215139234364063
        0.1284477402565446513272
        1.1218175348266434809830
        0.5594959620437156555539
       -0.3054605016229006708706
       -0.4600927038660161949579
       -0.5352865183883646071905
       -0.4159058654460199289105
        0.6285215548235597582405
        0.1437728072152636704661
        0.4559272492248163111128
        0.0088040808792194530374
       -0.1666582551387691679690
       -0.4467707300494135891356
        0.3703309714252727702366
       -0.0912386139869781065403
        1.4224257467489329620491
        0.9176492287999882258021
       -0.0249484122270400565657
       -0.5305462990361180519727
       -0.5643289190087019679964
       -0.6283463646211653319540
       -0.2391225231721386124129
       -0.2044004005826695613557
        0.5055415357941938081510
        1.8101887932877338549531
       -0.3399736063778385775080
        0.0483491052609055782519
       -1.4844746214145265739148
       -0.5053698189871904666859
       -0.8863817259775198520444
        0.1991885345203180668339
        0.3858343905244244753661
        0.7061227304928608949908
        0.3445439679518443321093
       -0.0542965131479173357398
       -0.5724106073784822612538
       -0.2679412850971609749706
       -0.3566277111724728277053
        0.3160976881845208863453
       -0.1431573654602452116968
        0.7813975736553890882874
       -0.2192722836045252754467
       -1.2369749649661447854498
        0.8939245711708996289246
       -0.2561727877037313083619
        0.1356271075447313123608
        0.7931535931314598331099
        0.4930185439029070582073
        0.8143359235904610304857
        0.2286042458633077978369
       -0.9431528689184304203863
       -0.3496549706323642259242
       -0.8263792598900896457792
        0.2334377285338267160597
        0.3989428182725383020824
        1.8944028181887420103635
       -0.2951885742586369820728
       -0.8260647782046889320284
       -1.1715146825613995673621
       -0.1461202594638116303294
        0.5481387478284536207696
       -0.7134127126871507851291
        0.9511268115347377705149
       -0.3084876979945165853536
       -0.2538171413717006386079
       -0.0543428137780658446210
       -0.7600435436538562905540
        0.4999573917405203404840
       -0.0095123001702984155692
       -0.0123813571041263559280
        0.5275507665188911010645
       -0.0918512773217846772988
        0.5366328119847254551900
       -0.2694703483306398750230
       -0.4868171582485529280682
       -0.8160473690389999923411
        0.1045540590539943692772
        0.8910101237816263619607
        0.2868113959985735261782
        0.7815481894829714448747
       -0.9028072540089757680448
       -0.2974853878830667208710
       -0.8477672315286302051618
       -0.1861166294935635567853
        0.8638097131808782913609
        0.6271562177170353358235
        0.3924757613361703478816
       -0.4962763568034680439212
       -0.6733594780418695746604
       -0.0067087932568534874855
       -0.1299323571136968558104
       -0.1363795502750731469810
        0.1280876352573776522092
       -0.0042266197583130660220
        0.1450921282461181682777
        0.3822113697596932757605
       -0.8891970133170240542242
        0.4571938196812131427471
        0.1513462211797218515130
       -0.2000337714717650705598
        0.1306144628741651159132
        0.1900460983245894630578
       -0.0907002964803362010660
       -0.3022220928102418713301
        0.4839918660124941096612
       -0.0645040723825257011903
       -0.6693472443805873473011
        0.1213009861317938531400
        0.3298700943437717914009
        0.1436264313960622929223
       -0.7562140974559414807743
        0.5507123185695044220722
        0.7928687266183621629168
       -0.7979950816044329986454
        0.0909931592997290650260
       -0.0031970416987771657635
        0.0004339195117889771414
        0.1747395543800558948000
       -0.0043588297255611196945
       -0.0221000931881821655045
       -0.4211906894917567534264
        0.9394742316884239219377
       -0.8577630737816612782609
       -0.1320028199635092658326
        0.2210312280838636067593
        0.0115487373291274231235
        0.6218336572317000321419
       -0.2797078623330143676284
       -0.0108102035958516085046
        0.2298591474440029314152
       -0.3703025977749823671736
        0.5816127397931183384827
       -0.2259435212799119074845
       -0.4083092282909615011732
        0.4746899914928898733812
        0.0065439224124539951966
        0.4510616329159786719316
       -0.6797788920038291271553
        0.0541892925022055271800
        0.4116829166160249631190
        0.0884726444764029618106
       -0.6515785658036362670842
       -0.0124331178157209565338
        0.2481447237295998364814
        0.0036424457819006772485
        0.1398287447013885631542
       -0.6009405761707899973345
       -0.4221007995543935575888
        0.4004892876690839265130
        0.1086345070119646982754
       -0.0345323954478211486707
       -0.0342953494339858222517
       -0.3522155297364935599980
        0.3907800841472875985616
        0.2953598397990115920209
       -0.1994587027403371959355
       -0.1316878903398064071251
       -0.2627895610027379813545
        0.2865571129710609010743
       -0.0351385451003398546765
       -0.3202892565508800304386
        0.2649907325455360673772
        0.5799646608233710587399
        0.0228211288681654245192
       -0.1587133719041332602373
       -0.3933394479928373765887
       -0.0815301906687521116268
        0.2508202111008521750790
        0.4331424788126842506664
       -0.7023827128566693112077
        0.3717344578329750959256
       -0.1930776949093959138359
       -0.1839104239689111630618
        0.3089698557820238500327
       -0.6190675480634426630644
        0.1010669173345790511354
       -0.0759982328404271989530
       -0.1326033972077083900043
       -0.0897893844623241232927
       -0.4560857621241334869389
        0.7754688181090765297654
        0.1979951515152855723301
        0.3170162639874314347566
       -0.2523149760457539247938
       -0.1044876012359001876684
        0.0402028863020768290060
        0.1342524012985875925263
        0.4383631072252897054042
       -0.1693625956787473962883
       -0.8511477023055428192677
        0.8317035864245139187290
        0.4202021091968568544672
        0.2632940637880903378409
       -0.3913966707229460939566
       -0.3733607198306970742507
        0.2430744984805591757393
        0.1764977737175527361391
       -0.4986994428564049397501
       -0.4890717834839078403952
       -0.0700217661040369032666
        0.0665984549070999243270
        0.1025745080211481058408
        0.1785286485367662545620
       -0.3645664054134239995264
        0.1058830086427334227217
        0.1967958308116433130408
       -0.4109343189372031135420
        0.2949973711311073554242
       -0.4928353428545856340648
        0.2109251875723000546614
       -0.1789401705614709903180
        0.2203524868352330634558
       -0.1835575697101017589308
       -0.1017967953291076393940
        0.3521088895625810177847
        0.9516760945187179299154
       -0.3274783854402535943073
       -0.2452934055959649084500
        0.1196740703875956990387
       -0.1450824398864085096328
        0.2541140337806235827145
       -0.1433141762180790701464
       -0.0865416453073692970577
       -0.1947245541525601253419
        0.6080657860799139058372
       -0.0151274478571294390683
       -0.2643609709688217179746
       -0.4392155938017111571625
        0.1637694345143120844277
        0.3447463918532696625086
       -0.1720132418437410326550
       -0.2044261742394196945671
        0.2677610911552021910609
       -0.2412509600292256084497
        0.3324113272501300064832
       -0.1317229205077004583480
       -0.3971484592860363149747
        0.0252170239195043249802
        0.0193253616384839455034
        0.2149395075265370935735
       -0.1448975781163577281063
       -0.0156473837922570246928
       -0.2460190463751272260673
        0.4314438188255046435771
       -0.4297327432397119451046
        0.2890541796575550881343
        0.0138025867090865901610
        0.1032762353012461331581
        0.3460241468182971846801
        0.0529497018103438632508
       -0.2897518650608854051676
       -0.1243588546651446247182
        0.0590203767104728466153
        0.1055998294685876054411
        0.2872561571860935969447
       -0.2558949764190562303767
       -0.1434739908843769562452
        0.3473445269962063264302
       -0.0762324467615688172728
       -0.3235502554709029920943
        0.1425743987315225280721
       -0.4217214392609974771275
        0.3157643594497017147660
        0.0489376533881301784001
       -0.4624955120451730294917
       -0.3532014366205624145145
       -0.4958133586993829777789
        0.7628916930765550219462
       -0.0382618216971796487602
        0.4002155160520565191362
       -0.1938291012617630038051
        0.2447826200401521101746
        0.3468443489208597463325
       -0.1101974649982372655987
       -0.2227632363936308534935
        0.0681489550296733442858
       -0.5868305155008814999462
       -0.0111577167793279613539
       -1.2036352383479269612110
        1.2979550294519572872787
       -0.1125203532284141938469
        0.3381789435472988269993
        0.7225783059785002571118
       -0.0967668151942876753058
       -0.7235338777740212279355
        0.3008295687646387328584
        0.2450152068824779649781
        0.3011443206591807864037
        0.0380776892867469088366
       -0.6010610579180046819658
        0.1475022524849464444774
        0.5711442210366760585671
       -0.4020689411505642962830
       -0.0759298997530590547012
        0.0440194128586047922491
       -0.7612857048007636295850
        0.7797337309808777261466
        0.2560085791971724589189
       -0.5775461660192783286405
        0.1599016548747581589751
       -0.8203348757603683427675
       -0.5533257459618774465326
        0.5585750721553385256257
        0.2507053556460170917752
        0.1805673875630532387859
        0.5257730440858754406008
       -0.0256436141301710496254
        0.0911130514010268649505
       -0.0863655697576497238810
       -0.2626623169728478091045
       -0.2845536858047866823895
       -0.0924884102546688763313
       -1.1927157252823223920757
       -0.0842422940132002001645
       -0.6340369161939869435685
        0.4712266139195986913712
        0.8013250489195494763450
        0.6420863039295419127939
        0.2610350373710786930914
        0.4744385662526860447663
       -0.0087284111637631056624
        0.1267697880681965538763
        0.3026453200160231782334
       -0.6802500174080239325747
       -0.8047882020175645134685
       -1.0127658128263494763388
       -0.2141339907403875808534
        0.7876135167428108818655
        0.9908874688725013424317
       -0.0742428346929646376662
        0.2648300647469706281534
        0.2123367874179693248760
       -0.0567765755584808962109
       -0.1485569964444394819303
       -0.6803565495125745155036
       -1.3757504105378952630190
       -3.7122098080207805992359
        0.8154489003588526463417
        1.5300888996322159485430
        1.1193559204993279720952
        1.1793587911783647292907
        0.5643810158911694019324
        0.4777602006563775316472
        0.1197148566984221618181
       -0.0174497563629346652547
       -0.4595891761457855939632
       -0.8083268167703631101872
        0.1702369854091489997927
       -0.7494053734522001519736
       -0.9845222344792161628391
       -2.8340905733802097543617
        1.6299341890599809978823
        2.1788862052909143685042
        1.2363144877698819534828
        0.3657640078135777628177
       -0.0419645714579577611136
        0.7838545839434121198508
       -0.5881246678346578882213
       -0.2039782408824071247011
       -0.0290628129855193678699
        0.1121597070386003286435
        0.0520216893502334076782
        0.4459028137333143626542
       -0.7289739210081742637470
        0.7931829493384648932519
       -0.1800587537761890455368
       -0.1205859616883796503473
        0.1726157369764136917389
        0.8460491553863713765082
       -1.0968631166622884176576
        0.1024804158436534856635
        0.3789810837083137928794
       -0.3225064119545238972009
        0.0830752866997638700353
        0.0615183913608386839789
        0.0273729267928738001503
        0.0996273037094052849039
       -0.0449223891304039169015
       -0.6012446281193573049961
        0.1652807805425980103298
       -0.1799274815751939482489
       -0.0295704243203969013853
        0.1917395115311696374150
        0.5146107301801209343850
        0.1303035893424177027455
       -0.4130471332258011107896
        0.3664937614100259311023
        0.1656134939702211816837
        0.0332760530203126403404
       -0.3322876039125255975826
       -0.2085919396690422422669
       -0.2055348121935142713390
        0.1527830129399293523917
       -0.2547689577764036261698
       -0.0883064413358893296468
       -0.1427558963491400434442
        0.3739675822570146523915
       -0.0963232170117652719554
        0.1421096299842242172140
       -0.1498889780314766606573
       -0.0816193507071099055850
        0.3109850234601134744139
       -0.1405921312521101196324
        0.1056256985164543138467
       -0.2062920001057391150567
        0.4651780112499816488558
        0.0897097468508115253316
        0.2556518403728779698092
       -0.4807955372616648515027
       -0.5316569222609046629913
       -0.3399874483349423215373
        0.6419487347592874870728
       -0.2213275329959470960617
       -0.0824297211385716238619
       -0.7700104242337773019500
       -0.5246653525762273728716
        0.3416701159064969295365
        0.4177086221313233149743
        0.7593036405100300756388
       -0.1062403036949197548955
        0.1668047704824885402175
       -0.6318115580308726331182
        0.0364071520557895794701
       -0.0236429196145105380289
        0.4307577046547232946239
       -0.0098387415142657530520
        0.2452332216735507164351
       -0.5710164458026846245886
       -0.1828158352774315598133
       -1.1018274823281604124503
        0.6971233265555883962250
        0.4460889014583520051360
        0.3229544589642698859677
        0.2431822649253740920017
       -0.6784480017144081109848
        1.3477219778874534039659
       -0.3700664267376896909845
        0.0849177732054947620455
       -0.0433493847674765869771
        1.3915358324330386885492
        0.2826951319105325821646
        0.6139492881795940437684
       -0.5477853054331034421409
       -1.1705297528246496607807
        0.0663702318073731839521
        1.2220690118449508698717
       -0.6222994545173321512266
        0.3818443764372241311378
       -0.6472712431762748241937
       -1.1291135553704936267394
        0.1801346995069793566202
       -0.5350040184187454528342
        0.0789826090539295366799
       -1.3793154792509025874381
        1.1415441214269883563048
        0.0394328909619706541312
       -0.3802000504271477732132
        0.2931954924432471076834
       -0.3309936686589911025713
        0.2992582289617919388824
       -0.1969326749231722628597
       -0.2092775066399002736883
        1.1317298669024098423108
        0.1384490359791716584947
       -0.9154627785847324616952
       -0.4900145547468852114115
       -0.0900916856724275627588
        0.9193441856926042321518
       -0.9439899588657384432722
        0.6031068281197116132120
        0.1683549024603986921100
        0.4792264701804194171331
       -0.7361501085023364199245
        0.1853398754839951090290
        1.2575008512980594410635
       -0.1572464399099982035324
       -1.2457791628039545095419
       -0.0923781805278640760770
        0.7659175258173658296101
       -0.1335070819652966200852
       -0.6592428152662985763044
       -0.2008191586193372180080
        0.7015885916109309006217
       -0.1410056799193657728342
       -1.1511374107753977735769
       -0.5389868481733040006532
        2.0019090434224775520988
       -0.5956370838312700088935
       -0.1136399965089870400803
        0.3159713298423575400520
        0.7123363704222140935229
       -0.1859645356334544419319
       -0.5272036485438413855320
        0.7973413728271940836834
       -0.6637782856202830705783
        0.5016809401420552205764
       -0.3767644650439805342756
       -0.5025739571239282721393
        0.3533758428265519890843
       -0.3785438010616019033350
       -0.8630234521015760495999
        1.5849856189558582109100
       -0.5975008259923149100956
        0.1566279549815019211945
       -0.5858573051658505503880
        1.1678690734625378766509
       -0.3896981717569002467982
       -0.4386711932479924191952
        0.7199341708818185470165
       -0.8342680948988081546247
        1.3707914644463619069370
       -0.3671468472777467129120
       -0.4613513804796832706856
        0.3542607000318993559773
       -0.4621841770756057177216
       -0.7812231290322095844658
        0.5151847520027005300491
       -0.4165283311995590098675
        0.4167719778622785420374
       -0.3423998100811989631076
        0.2096491396618665736806
        0.0959174904588297183583
        0.1126218157478120762693
        0.8364251183793807165046
       -0.5325410848831745314058
        0.8885916029047291608833
       -0.8384024402869332259769
       -0.0029213612222147161690
       -0.2443478386482194619767
       -0.1130913819005301274023
        0.3129942941667105404946
        0.3499582601442600138242
       -1.0064594584278165889657
        0.6464287607792937873086
       -0.0368081461966628178950
        0.6511234678165003231243
       -0.0218237053815143466906
        0.1412888740912567331343
       -0.1755212368233836639497
       -0.4946058371879609172339
        0.7719149353685292869187
       -0.9465089262592776275795
        0.4461966038463685002569
        0.7209802862334052653281
       -0.2305153817677055849700
       -0.1912752157988076295858
        0.2288294023976565616518
       -0.9356628931220822842363
        0.2966856272177393893941
        0.0427357568595762293828
        0.1531270952980520183573
       -0.7529590313237288778936
        1.0391902316034267172995
       -0.2524049963834213983205
       -0.1996037261172920462826
        0.1617795506470335042959
       -0.5800967449455791680180
        0.6059227279502539253997
       -0.2387905061354537450402
       -0.1856198116732408753826
       -0.3988155852300553361189
        1.0871543529935583372037
       -0.4580601467747494881522
       -0.2542461087435117783606
        0.4629763206681422604838
       -0.3669866853808762541256
       -0.2467247310117710312749
        0.3434721322447887859042
        0.0773471036556945407137
        0.3198475253297003995101
        0.8278612997526733074949
       -0.1488032462180796933193
       -0.0570116050213364533583
       -0.6748308098333964943905
        0.1914260948652538041337
       -0.6387276090521128990574
        0.7789480592030626482369
       -1.2344664980532982223593
        0.2239058565270372891387
        0.8753639398195467435926
       -0.5133217616470969746345
        0.1592445563589806878380
       -0.0762751488782716091652
       -0.3970203070385645571783
        0.3010216583830629399898
       -0.1700427754642339639446
        0.0946565458345984267474
        0.6459168788270015504338
       -0.2587682198441797476463
        0.3264522619154046623180
        0.4723942261573100820371
        0.9852118650705365965337
       -1.4829359320908497288372
       -0.3401055905858859640389
        0.2710871966891147399892
       -0.5847322751290691122961
        0.5662314198221323202631
        0.2126062361760528984789
       -0.2897549089308725234204
        0.2864182352336415160465
       -0.5073312881872890089952
        0.2895746575741355854916
       -0.1152997029917526006226
        0.0786907243567363801073
       -0.4927885117305847995084
        0.4156695755558044158562
        1.0239642875573684577262
        0.2081396017437612544487
       -0.8360667890254657175220
        0.2815202118840006706435
       -0.2064563552477864660784
       -0.1429801822055110360754
       -0.1644304677525467162091
        0.1390956689264179757526
        0.3975184369586850507972
        0.3033022087881787620667
       -0.2522326843365132464925
        0.5727492909746226823486
        0.3173660108911803279241
       -1.2883337137414299089500
       -0.4769316000159299351324
        0.0250963514930181014195
       -0.1998079384209377473702
        0.0210110751336404222300
        0.1120746723253212007165
        0.3070940700583446036909
       -0.2173635506935505945503
        0.2370939111220895789689
       -0.3976059688499388178329
       -1.0800654021981688224230
        0.0507350125175606847527
        0.3729196436036068540432
        1.0055448289873540890227
        0.3967415383885098956185
       -0.3996894079235826513496
        1.0206988505859075910820
       -0.2255794414174820128327
       -0.5077648434968280444224
        0.0907791325783626618096
       -0.4043074759706834497841
        0.1772752651596823381119
       -0.1840351350826103515868
        0.3561544892239171256065
        0.2058088483402888968499
       -0.1701954348983323317412
        0.2663946256533930023735
       -0.8809788886399512186642
        0.3817954937127805425945
       -0.6415424801477234151292
       -0.0120287304306525844044
        1.4876943467439400770047
       -0.6254390345620312041675
       -0.0323001650005354246087
        0.0355989383487024524388
       -0.3934280016291898940395
        0.1887980035241751952668
       -1.3503881456363715507507
        0.0204061816857623729016
        0.1739905558061383694657
        0.5449993180339152143432
        0.6904542736529961644010
       -0.7138185415689475288303
        1.1081625429141563898838
       -0.5704166344275103384120
       -0.4358932109178884628520
        0.0576250786360275810138
       -0.1542818382982525382552
        0.6250688760517131292715
        0.1459337662765402554577
        0.2797902670723669826813
        0.6322109818157726213173
       -0.3660473179233972862434
       -0.3253953028737470165588
       -0.6539996042498064099391
       -0.2225174780570421118053
        0.1225427615517321183747
       -0.4140369782183708768919
        0.4868873294576714916282
        0.0165982549857448535846
       -0.0008701720471065432783
        0.1296727108913175441351
       -0.3814005462606883667398
       -0.3395532269452645190988
       -0.5809257151834239518706
        0.2799385165393882823892
        0.2742314987984866836435
       -0.1008976468007088123091
        0.5286167548612250577378
       -0.0730692782759598813414
        0.3625753179097685463539
        0.0582692053577480439941
       -0.6549001550681095018547
        0.3582846675192202789972
       -0.0650396539759945380155
        0.0209379961507994288850
        0.7876394234630436086420
        0.2821236207910192694825
        0.4062391508366660630713
       -0.8831692064636045280679
       -0.2820536088930368778804
       -0.3913270313273260470055
       -0.1939665613949024813856
        0.5645460541986445646145
        0.1831324104339307201617
        0.2166291435528757969298
       -0.7405710776199967426692
       -0.0230121737967444520145
        0.2452296185623137891874
       -0.1912977452544628587106
        0.0224073275168903407462
        0.1044583397283410097778
        0.2471895633828112281982
        0.0104473477699781047701
       -1.0691864489237099533625
        0.8602926888485797896067
        0.4321486134429209369223
        1.1175686016722439219961
       -0.8275013288503403341423
       -0.2546094429449360374562
        0.0503183658797938665463
       -0.2099069714435206068792
       -0.6910534646820047921523
        0.1172937089320094106171
        0.5244464616568965675825
       -0.4297235394024389032452
       -0.2378753846937782245874
        0.1805960964736398333130
        0.4524671934161160757881
        0.1389646971634526384509
        0.0219278128268101668574
        0.7315201920470904006777
       -0.2587324021689245134858
       -0.7145118361487057256909
       -0.2699708185687768602357
        0.3258743039051652523597
        0.9164078367587578100029
       -0.6881215165653090659603
        0.7515885109367792527024
       -0.3868315512797937394396
       -1.0019339849318866786376
       -0.0163251657145042639030
       -0.3757023868116098896941
        1.6241820044171140224876
       -0.1254603748149210051821
       -0.8056311661472899121605
       -0.1878949218715099123145
       -0.1276619205824919001113
        0.5373000507318153040615
       -0.1989450406066462506693
        0.2134764124109283511821
        1.1498986002946418594206
       -1.0989104269914924394413
        0.0614810147890511721203
       -0.6109573807983381676934
       -0.3060619241526931211261
        1.1368899283546136658174
       -1.0228755994615319480090
        0.8743441067275891098731
       -0.7555118190041568704274
        0.6003646481803903700580
        0.0446677360520132404886
       -0.2688950710557562739922
       -0.0497806157766711096513
       -0.5496426171272184024730
        0.4981473158771442810711
        0.2495424216659548888320
       -0.7851554929664834592273
        0.2092556582740341952764
       -0.3763053998936528032893
       -0.0010718649063146679090
        0.8292870495523787521819
       -1.1198780288815244343681
        0.6727294673322834483997
       -0.8527644150140678558358
        0.7386430531319660985901
        0.3537531845408521946617
       -0.4202065904522174211166
        0.9554890446289558969539
       -0.9507379890432872127093
       -0.2023324533884644504944
        0.4609025706696501245574
       -0.4781681026738056616843
        0.5328585407035700827194
       -0.3482638032882804379753
       -0.3165777872145124072212
        0.1500040215769943841018
       -0.0359877628585873327038
        1.2752959662797689333047
       -0.7162716942680574794267
       -0.2951270152726758189132
       -0.0748495756604128648082
        0.1891733828767133696047
        0.1468110893804712713262
       -0.3267228286728812713946
        1.1085843736988043595204
        0.0016088570228608364832
       -0.5822221884579406037119
        0.5217317949156365930463
       -0.4720628117573924531492
        0.4196390195572727299655
       -0.1010101127820291627701
       -0.6381567382156325685116
        0.0992034019429172825300
        0.0370517232261389495296
       -0.4240936831989021715827
       -0.4804647238666824859976
        0.6073434221244911057624
       -0.0927162072585362845301
       -0.4659443494384382655760
        0.8247555549568196253674
        0.4724900887587648590227
       -0.1468889570874393479816
       -0.1234281418816290248897
       -0.0348096408451004507567
        0.3354633750244208068025
        0.2288127133220114184375
       -0.3667227836508233917989
        0.5396621237376924007378
        0.3846619530127460828695
       -0.3305298277452041189051
       -1.0165826628495382433215
        0.1997501856775626416507
       -0.0560237503528432378985
       -0.7600185123151623756144
       -1.5024447790585178097444
        0.4252970916852083504978
        0.9464107906645905510246
        0.7433094471101746592012
       -0.0368057264993272431619
       -0.1667242408054179780841
        0.5145194811233050335986
       -0.1772209643348539032104
        0.1331870661616469664335
        0.1839574037862922173403
       -0.2699395736473521600907
       -0.2844894220162986764322
        0.1399867727524531091365
       -0.1154886169530243700265
       -0.9223083278149500907617
       -1.0166707483469494821549
        0.2680184748177923403922
        0.2252966785030917074018
        0.7300127086642280715978
       -0.0126031123284480045532
        0.2509946279018295811625
       -1.1034556728561488725404
       -0.0197016816939511174578
        0.3027514274266832061677
        1.6517467777917440585611
        0.4809182424240968090068
       -0.7956443223291842503642
       -0.5158137521173074002689
       -0.9506860985211275094642
        0.2564020171708016881951
        0.9555723544657304113770
       -0.0123659032455053774502
       -0.6512127827192828455338
       -0.1859130617481132563551
       -0.9200393340240526907081
       -0.3943508851326888997590
        0.3924098581981101396821
        1.6139924149448190426881
       -0.0284204336422619330271
        0.5704196488238103546209
       -0.5712029743979889495620
        0.0877910705952984482536
       -0.3428170257282447952463
        0.2657489587812620346341
       -0.0968440718835538588705
        0.2302590142520025418005
        0.0145722598435487210589
       -0.7360463424951138033947
       -0.5264112284494644189436
       -0.8634734434316804208009
        0.7775842248724000871363
        0.6338307423730736855916
        0.2034304940293374663884
       -0.1511774046706773344528
        0.6712381688561769310652
       -0.1650052386870432541421
       -0.0790581285215254392362
        0.1076731681256761635757
        0.5384900147116256086122
        0.1295212255598721662331
        1.1622047781410653755074
       -0.7867873696051169707388
       -0.8166288927853415646752
        0.3645199185928393870171
        0.0993414862901964013098
       -0.2276050729397391669817
        0.4399607196074923898266
        0.2956438153424779669010
       -1.2441895978487622631548
        0.1272833742079946262038
        0.2215597494625134999957
       -0.0006838680250652456882
        0.4099815472563341778311
        0.0119856566234205763610
        0.0474677443138033366976
        0.5957646164647107944745
       -0.6176071905739257683621
        0.2525087480819155905110
        0.3656671782403338455403
       -0.1056718592462611572280
       -0.9570755231936232121370
        0.0179873313900479891991
        0.6224189329882510168801
       -0.6804386572383073206183
       -0.2148866267158880960508
       -0.3289181824523295105678
        0.6051263461012097444325
        0.2208477812770939241460
       -0.0503661698546977731894
       -0.0991219674348997881186
        0.3203967096020063354267
        0.2173387006230945994734
        0.3501835067983164462291
        0.8919600420906816928834
       -0.6091752186666370416646
       -0.8245423527142888842079
        0.0535321877834764869863
        0.7389636625335623820732
       -0.8786741772158771501822
       -0.1336851595159824213077
        0.2914244037678445087280
        0.3426676193219728716599
       -0.5344160912589854817156
       -0.4648190496098808521808
        0.1094039288334702764161
        0.8273774527251274157891
       -0.1602855680649556413542
       -0.1166030779750142354345
        0.5696057225144746105627
        0.4512876495844390101198
       -0.6816275947055906447858
       -1.1289950094289462612096
        0.2957865579972183134316
       -0.1713251882605079656763
        0.4320264390099657347832
       -0.0725819013686093417181
       -0.0464919234563155869822
       -0.0209123758340661047850
       -0.0368330791069537560878
       -0.1024958230797242547672
        0.1262714300796816402350
        0.7390341961369437662199
        0.7495453589930978210987
        0.0838665806974440292132
        1.2050320628850921256259
       -1.3777599244955944790547
       -1.2695509259683572800270
        0.1249622487226257905313
       -0.6248114706157927855656
        0.9140725521550041587915
        0.4893842328228595883743
       -0.6657197540173256378182
        0.2698116361692948772522
        0.1093004650941006988818
       -0.5516689222547612736491
       -0.2460861447399878276787
        0.2607768423093570486770
        1.1779524166444064192660
        0.1221270161603285747676
        0.0757783945815566767346
       -0.6912847913944768496464
       -0.2641876969892332227552
        0.0548363394127872882944
       -0.9626064525504879343387
        0.4314719788885292839353
       -0.0509345791313990589599
        0.1844385893246165419868
       -0.1565457916140909067071
        0.0633723786130223620816
       -0.3164135082493988448959
        0.0256349370212093918830
        0.3281592202789994638934
        0.6755402503310802275749
        0.2679347389696838943607
        0.6242451613981422342547
       -0.9803255399669995595602
       -0.5564026340514119928216
        0.3858401954167347547298
       -1.1358266962033256586295
        0.8200662373351912393105
        1.0715482161372333891336
       -0.7834743928804983603698
       -0.1858990989443418673233
       -0.0153121005776866714321
        0.5436681902238713615105
        0.1188008567049724933939
       -0.5877141244260548624823
        0.1239831522076441372437
        0.1619292642464322806717
        0.6494857228190018538783
       -1.0960801881335899832237
        0.2279375756399426578014
        1.4011686729164143372373
       -1.3213495452489205650437
       -0.3468845675237114400957
        0.4967551205886823195712
       -0.2503819596176520279052
        0.0881016599236185277144
       -0.1134605174690313800223
        0.9126919312730337185968
       -0.5413207680184852765848
       -0.1516932559648918599216
       -0.3016320365430246730476
       -0.7070136553784640565112
        1.9467296651622876257903
       -1.1975201806804025572717
       -0.8841229090223206021903
        1.3897415887766393360891
       -0.1546758123360632564136
       -0.3280097432416276825862
       -0.3401546523021633516848
       -0.1559390602531512959317
        0.4385318476539313281570
       -0.0849723869479943327843
       -0.4602906808245086911491
        0.0251226936237651798933
        0.7927963536936957211765
        0.5555097358896486925417
       -1.0092558028052902585614
        0.1881464599747622035153
        0.1252716241439511546396
       -0.2751708259598233952126
        0.5046412286722113949011
       -0.4644394159725157567031
        0.3752316801885979269393
        0.0314548207006595526014
       -0.0933274737721315750250
        1.0813068971666819351185
       -0.0031868099748011691208
       -0.6620738725798657187127
       -0.5426949569516534843672
        0.2078164944275400216611
        0.0451412320702565261765
       -0.6337578635511281754944
        0.3297396389724571164059
        0.8999081846667884576618
       -0.8803226470495936206717
        0.2539346897592427709789
       -1.0757789170500942077524
        0.4461703588790024710420
       -0.0194717753338715937605
        0.0723816902835033998409
       -0.0903032867660609750438
        0.3779153552879249700069
        0.3669122744169226457700
       -0.8934738032667149942867
       -0.0675135026866015286462
       -0.0325833511201528702728
       -0.2958798152875846687593
       -0.0080814674725332713567
        0.4067012172934485469966
       -0.1116352621944594614156
        0.5162348045628460946332
       -0.5192419487463787453052
        0.4574216456642741235328
       -0.0168451868314753727685
        0.0436013773349009300939
        0.1954492382446977316590
       -0.2070612718325794410212
        2.3830188577778406155971
        0.3399818977789759166797
       -1.7302990915111771119683
        0.0474393782756329374095
       -0.8631940368645489858324
        0.5620257546525958547434
        0.1069652814543948921022
        0.3537085175123771962902
        2.2593323939428566760057
        3.0188388440291702430329
       -1.2676799203189952347515
       -2.8711876661566022583827
       -0.7215887989729599105715
       -0.0963729657590367411180
       -0.8050753559511723000952
        1.0522001196814434464955
        1.6161492888562223324556
       -0.7151306657989776605078
       -0.7200751940320577748622
       -1.9683631159758099293811
       -0.6702262623398631546934
        0.0191821842670022862931
       -0.2700435119479869805481
        0.5747791776205163349900
        0.4200412568243150901459
        0.7060597783500370816512
       -0.4483757792013908782813
       -0.6800068973732069643745
       -0.0516532413949924301688
       -0.4494724021688112913786
       -0.2442548432799216684419
       -0.7013413666617647201917
       -0.4188091327483472459114
       -4.0714340550326468815001
        2.2441152070228627124493
        1.8294942386510286702617
        1.5215781155861876072777
        0.3495539878529764776793
        0.3609490500146825264771
       -0.3129294091158707491473
        0.0544719543000221767537
        0.0540201709571215271666
        0.1473489511005124374954
        0.1278903068796504727267
       -0.5852706965346989864685
        0.2916400008953019540314
       -0.0647351670327220712897
        0.2160371183609530731928
       -0.1849911470264788415641
        0.5193558610640481854048
        0.4968702591133851154126
        0.0072107047362563667092
       -0.9159239319445260374408
       -0.2557756600786269540748
       -0.5819154572739937414383
       -0.1433223133234802215696
        0.3499894764983645933931
        0.3137322408958870267881
        0.3504018135490879481964
        0.1977724139298356609284
        0.0660029889970380340136
       -0.1020207676772296873091
        0.0136336958458246060300
       -0.6840772012393592227397
        0.4513610861740237623074
        0.0583279094491000876799
        0.0168790698464652000332
       -0.0966345649564025882539
        0.5283376640744412711115
       -0.6128614251056978545762
        0.3709499461173490497679
        0.6616731873234672489659
       -0.6731497078477075568514
       -0.1148505598055048204653
        0.2184954276654038074490
       -0.7033646773264419227445
       -0.5525749844690397427627
        0.7109240435003568725492
       -0.1780098713785817632349
        0.7633786893169040022045
        0.9679354487464586487278
        0.8492767754891921150318
       -1.5971452843073730143431
       -0.3012077207222402797093
       -0.8653527089834042174132
        0.2408301999683172822664
        0.3868305687286137661829
       -0.1541230434034891183526
        0.2567028724306771869657
        0.7739502051990809761151
        0.6272283082522601693753
       -0.3986299599939555626804
       -0.4468579388554325682037
       -0.3238982177542283902305
       -0.2564560531749704441751
       -0.4042755438248532562362
        0.5655824804934492799902
       -0.1820782351601372417438
       -0.1089825058845244054595
        0.1666476164520136193925
        0.2372634745012823787036
        0.5113739289382023267549
       -0.0143909148247368112727
       -0.7587903924849841441613
       -0.4649589508149378214164
        0.0978629240391856031200
       -0.3883459466019816841431
        0.3280395420884865131939
       -0.0005593251429326234758
        0.4777457250346176520495
       -0.4972773932685516928842
        0.2890878178245701590754
        0.4135024495708639613589
       -0.5742832768486541006325
       -0.0030173832759840882312
       -0.1206775264251044588182
        0.3326008838814987766952
       -0.0745596164263745003753
        0.2880830409689565385634
        0.0223052592154489581766
       -0.0830539915046598076209
        0.1089160444282070983046
        0.0448742877606819468017
       -0.3124985445479785406420
        0.4930963783660705646028
       -0.6121776995289611722484
       -0.0195780018615865913922
        0.7645493435849822771999
       -0.1346168832246049107404
       -0.5282597098035350935419
       -0.9823424872002921581782
       -0.1418402940493552477630
       -1.6810528531963548903860
        1.3294518518705680243386
        0.2736816876975920465043
        1.3958938334186619112387
        0.4822831981749122753911
        0.3702592682836746140751
       -1.3720035955081191225702
        0.7205705485188561576493
        0.0071001321103679598812
       -0.5677658982557202138608
       -0.6284998031311952448874
       -0.9428576852598988811138
        0.3934016517663355694268
        0.7968954278643893829326
        1.1545839613117960809063
       -0.2491734837440327532398
       -0.2280844712684633734945
       -0.0221027697281997448364
        0.4240314874636890718484
       -0.4534542380052599686024
        0.6665236406042363004332
       -0.0953282134226151045553
       -0.0498702423942373740395
        0.0728419525667056977358
       -0.4025015821669500892810
        0.0730902324909843414957
        0.0025831988094488222973
        0.6510578000483366878370
       -0.6351168010371930350288
       -0.2992831237266295185684
        0.8314009205784356204560
        0.2156235520533383853703
       -0.8530471394619094649414
        0.5768657882555054960960
       -0.3532744266643401687134
        0.6559388291687399119567
       -0.4978299725212769755167
       -0.5712026009452333408234
        0.3101245602394371303490
        0.4462468717584849864366
        0.6698316856428281340641
       -1.3754058400078059687388
       -0.7332199492944280194706
       -1.8980399419713269715260
       -0.3584864155974054611420
        0.4023682943207197437729
        1.9816890458298437316387
        0.1378059769682665747226
        1.4145042536954879341948
       -0.3158666844048945154810
       -0.2288588079981379586059
       -0.0180283328233769579718
       -0.1923026193788042181865
        0.1153925158545690971001
       -1.0853947890250355001740
       -0.4627066533580524998470
       -0.7523175351264401733431
        0.6937816154146524416646
        0.8760452210922053950526
        0.3891710111113803050031
       -0.0770850182328316618774
        1.4190345236238930404227
       -0.6948256738925382425265
       -0.1226727611412599117102
       -0.2720539677851488979954
       -0.3326222243326256711171
        0.2966855354765480790036
       -1.5394206280898630190279
       -1.1398059120493255758078
       -1.3968162174669951358652
        0.1479232152571835490207
       -3.0500147599736404657733
        4.3094898366211573659257
        1.4178988689486216046021
        1.4360348232371125121176
        0.5374577351426790272626
       -0.1418112137581677423270
       -1.0755753841349902089064
       -1.1792842710572637443533
       -2.0002589165474260468613
       -1.8385986050156599702632
       -0.4999680472965485344972
        1.5009197341601905328901
        0.7587872913774612593230
       -3.8306341498751574903281
        1.5443302137992467315541
       -0.2464887237750865711661
        2.3595261365588307000962
        0.8336992472026645284444
        1.4310808949694737712832
        0.9522608889622629080307
        0.5293348370026702554014
       -0.0319815084508883462622
        0.0756533266095746892432
        0.7064616709359925472711
       -0.3825421697898124806514
        0.1246835423802873932253
       -0.0257839836158924029519
       -0.3795046819110572955402
        0.3361148626886124590740
        0.8873683047169369508822
       -0.8259860309492534913289
       -0.1466637328842539944596
        0.0069290863788912387955
        0.7919138392467333087410
       -0.2767845019881685075802
       -0.6925547428403586724954
        0.7206466011936609739053
       -0.5716686250406239899746
       -0.1821294259395394576906
        0.2952958800479194567679
        0.0675953422853261542969
       -0.6031579821761834381277
        0.4451350236806091431596
        0.0483638385579217705557
        0.3175967643638228921077
       -0.7861761397578713728151
        0.4427651696837252570660
        0.5957772402007667222890
       -1.0541397485018781932098
        0.3490174646008209480286
       -0.1617813055621980244947
        0.4401060929302804680674
       -0.7579529012837711299255
        0.3436061217714403426271
       -0.0241320275390672495108
        0.3897719412825704776715
       -0.5567915614947056557327
        0.4043437468239267085224
       -0.2915901202271274916811
       -0.0194798525176929637759
        0.7640587916626485620597
       -0.3119054308683879006558
       -0.3250400068544663234604
       -0.6601436266237463712514
        0.5339890053586056062329
       -0.1491281088386545716773
        0.9950901290209905880602
       -0.4242548974945806739001
       -0.0380672020894142412728
       -0.0928929054022896855125
        0.8718834970466202705097
        0.2018103429290287464948
       -0.4496719624743410470558
        0.0506049176368276662497
       -0.5599325211001926483334
       -0.2020277826651792896229
        0.1110474251087611718969
        0.2131770583174789068792
       -0.3214992124847730892157
       -0.0172235414086956972746
       -0.1013233882248260192549
       -0.0080202493799545748754
       -0.2365527341671382066668
        0.2096250872209227678056
       -0.0487449900457987833624
       -0.3275498141555717168671
       -0.2278702891184366807753
        0.1887553845561889542815
        0.1640515777956461085374
       -0.7190541541396413549592
        0.6968927873845283116339
       -0.2015347629676167429125
        0.0334829592682110779855
       -0.0844096014109289999316
        0.4634599695721208778565
       -0.2626437128847673441179
        0.0069141321498680866076
        0.0580039746584606677460
       -0.2178903637317415042940
        0.1229640516636924529870
        0.1286015614846876542465
        0.5299566487073259501983
       -0.1810241162861295771691
       -0.4000507608476843723899
       -0.1249773708906683350461
        0.2975588726080569124122
       -0.0270868972914976163802
       -0.2301607832525595365158
        0.4093270491846896508292
       -0.5883802537103146601538
       -0.0755325245632067349133
        0.5790915151644903113848
       -0.2129009391243154580842
       -0.5928346590701494278619
        0.6377618812966378003537
       -0.3989491229650276027385
        0.5023932191668085689429
       -0.2282615683557924213254
        0.0266341608456780003233
       -0.2855336878168885927920
        0.0573106798726295968427
        0.3805623568280850355094
       -0.0462716518605509954942
        0.1426403508580382506477
       -0.0895240154596604886805
        0.5310052159864516729826
       -0.7233100149420437219305
        0.5412911118718530811833
        0.3180044616796631751221
       -0.1579929814073035010402
       -0.3205684434109936642443
        0.3738207266087653080078
       -0.3618390083863189943258
        0.1628286477327445247454
       -0.1183402927858252517979
        0.0167273101242567459601
        0.3322984831284335749402
       -0.4998073151007842440663
        0.1418488853706204588789
       -0.3935230943865716257690
        0.4550551638951776389774
        0.0194545846429745872275
        0.3662609377426436219061
