       -0.9830142434926920635974
        0.7443174740975817549327
        0.7502965936790566559011
       -0.6643498549580448830909
        0.2363688994713131208414
        0.0042073945873708495924
       -0.9454277632895433658433
       -0.3454712463732152460949
        0.0982421865453786402611
       -0.0278373114421877065894
        0.3616563429050065892056
       -0.1654533913154590529793
        0.1181862364782217955650
       -0.3369724677246864197322
        0.6549980294329325047897
       -0.8618285025600813664681
       -0.0239284495477158909438
       -0.5712460196758593067301
        0.7090458923558222714689
       -0.5847718239303676401875
        0.9119872271403073327178
       -0.7353512906701948903532
       -0.3750238157837260111194
        0.5156123945474284653301
       -0.1120532959167244158039
       -0.1325457952598809163725
       -0.1242353598607139897325
        0.5427239038689397609971
       -0.9750916322802467561814
       -0.5524809963233530130111
       -0.1524991910158743912973
       -0.2086679727858981592270
       -0.5414740753441011911207
        0.1233531411636481500693
        0.7565244518547347141180
       -0.7591982057107369286086
       -0.9825162466262278293527
       -0.0960379552961066473848
       -0.1002750339314509298028
       -0.7001868343203510036687
       -0.3799543693979910430336
       -0.9996873624250128820279
        0.2410272926571541685092
        0.6855133704335294453358
        0.9920318713225881879225
        0.4988944147326632716499
        0.2789840071554605671622
        0.2635815783761654707007
        0.4746110045818481282254
       -0.6086628836662089092613
       -0.7404111463321658703762
       -0.0542085803474417482484
       -0.7668072061159889596382
       -0.3456634527490771713332
        0.4537121868460789464450
       -0.4089376696795511967331
        0.4776353371676993475603
        0.9355144228281608853592
        0.4181044153099353621883
        0.0536925540050778860035
        0.8188607141507264763902
       -0.5702259857104463591781
        0.3583708897898469913912
       -0.5223709064195709572687
       -0.9232809247262399043876
       -0.9402662258167544528931
       -0.9894147353666706834474
       -0.9589720692005245794576
       -0.6272799813112648337210
       -0.4130341865759201702701
        0.8629306689417894915550
        0.2161572153382982364178
        0.0913889219032277821952
        0.1692372650488764840304
        0.1761329151177735141687
        0.7222510589734736363710
       -0.5920476678592225816544
       -0.3140014719145361454800
        0.3296342596348047493393
       -0.2743099845123375679634
       -0.4739708571399354752884
       -0.6601250008642722821861
       -0.0968598801624760419315
        0.8632847056727985801672
       -0.9447961570079521642640
        0.6956883473769599479652
       -0.6819333399529310391074
        0.4228728852492826817411
        0.1339837882201257990289
        0.7020841165135995876057
       -0.5065678868821794633703
        0.3033477327120395194981
        0.4374280664983862809692
       -0.4305936052612868714107
        0.5171270213948893079703
       -0.2438763037474624972845
       -0.2754690882377832661376
       -0.8914765446530648063117
        0.4932212244088705066503
       -0.8006881815270430191589
       -0.8441464268143707982972
        0.8881062554917966700430
       -0.5535781186614241455857
        0.6644350467693624917587
       -0.0826828457260674887230
       -0.1049299961245182544189
        0.2374284466643095115046
       -0.2747577495584292428532
       -0.9331245826929319697740
        0.1020576004528961355788
       -0.2221530661318491528533
        0.0821071430199760143864
        0.2672942822926200889810
        0.0250900482866081020461
       -0.9297126820340979591606
       -0.1327813640199861366931
       -0.2667004076183432381697
        0.8453991079805955877191
        0.5514772884445910960949
        0.5028053534767238375025
       -0.4897081215704300327651
        0.3321177787250424451315
       -0.4503329225281462733221
       -0.9829673020353679735450
        0.6349791039501320177862
        0.3207827862912568939180
        0.9537725253802289415717
        0.0695398076447464319472
        0.4787119350164243947177
       -0.6201655486423485186265
        0.7381814992867461455717
       -0.8041395628171665865835
       -0.5903693219342076581313
       -0.8622575722345815485426
       -0.2067239875539042537334
        0.0332843673046521182357
        0.0532445551969922270530
        0.5901839551921206350471
        0.4002472322728711784379
       -0.7863099860471500779369
       -0.7578011453138202568880
       -0.7695570825629962641301
        0.5913027633789269543740
       -0.4713482571137928567317
       -0.3486558521426832424339
        0.3391699878626857067587
       -0.7133119062557149447912
       -0.0145758808271287398917
       -0.9075379941285257601180
        0.1807576763787908102898
        0.3318955465057955578345
        0.0279579689526969765723
        0.1868088449458722433150
       -0.4933487941964095901959
        0.5331683878279571686676
       -0.3003156263757598143371
        0.8163658506188551378102
        0.6556873535066434222074
       -0.1687649028393627959055
       -0.2766757452995576294086
       -0.1181046162894036632984
       -0.8548239287151631060624
       -0.5443430735505376816263
       -0.0926094240080752584277
        0.6098351758521776133648
       -0.4815802887475908455883
       -0.1900877070904139487517
        0.9541908783245856007227
        0.6431634186998871349772
       -0.6250356901479643401132
        0.2427736828802269375416
       -0.2161919685756638620511
       -0.9085340474661061094253
       -0.1686511380480215094302
        0.1077949300387261999390
        0.3440929474717719926957
        0.5277105630812504166727
        0.3825294011866136045796
        0.1701931364691851022997
       -0.3402278745073620824790
       -0.3913143771591127140219
       -0.8270113699673284912706
        0.6276704867759694828067
       -0.8555234442530228466950
       -0.3770833129684194595654
        0.7904416268472567175252
        0.4316809002823507324109
        0.2693718182664115445846
       -0.7145670638089893778044
       -0.9584360706431955811979
       -0.7428541184266386210311
        0.4821339991997268814572
       -0.1731501428067971914970
       -0.0912214719470239021604
        0.0225410311345348723933
        0.7514989256782791393618
       -0.9854366734026878127395
        0.6272812218330536815358
        0.0661563672758627152604
        0.1374490350423931417367
       -0.7580549074625893002377
       -0.6398406204763844584704
        0.3726878442839003380271
        0.4355328173825319115764
       -0.2278939710654692141212
       -0.3105476105121007801557
       -0.7126202548066125075366
        0.3768697001405998392443
       -0.2238590751345954088514
       -0.7333606191632928705815
        0.8034578290233151953714
        0.5423838369782152390997
        0.9070352763873397172745
       -0.0614452463248799651829
        0.4710270066665804833406
       -0.5286073672228961406461
        0.5904460796872843530991
       -0.0575955318028502638583
        0.9522580605829151778607
        0.0970943881460137880879
        0.2879296763380794210718
        0.4727338035683188444125
       -0.8768893883021955382162
        0.2428811565868267408064
       -0.5977293863048473987476
       -0.7249839527513368686584
        0.4466553890815636584932
        0.2021098945942223501504
       -0.7603889380859096824850
       -0.7261131498427011443653
       -0.1637765261935145155725
       -0.7079176079607178984077
       -0.5185504866526180478559
       -0.5510154688078787721395
        0.6590068911694517694855
        0.6598268900605073206123
        0.4876888267920791442123
       -0.6088615040614069329195
        0.8509045624320914491534
        0.7836941949211337909986
       -0.5469644973161282841545
       -0.5362168612291713376550
       -0.2175431371159231574985
       -0.3422692043804267392204
       -0.9403939734868980160343
       -0.9545269293519180742180
       -0.4233520340072635668172
        0.4307340226452174292149
        0.2897008546457531252827
        0.4901171882962596093591
       -0.1408239323883098137458
       -0.5476925439244624271851
       -0.9396508515582513432207
       -0.6101985286040396694318
       -0.9650917933618186062006
       -0.9526962190355330317715
        0.3260126036867434518030
        0.8832086083019832223329
       -0.2750158051047791318844
       -0.3822387409643905886725
        0.5022230560747238392594
        0.5458365630982968674800
       -0.7608541374926764966347
       -0.8886391341181574254904
        0.7064745690941054423462
        0.7049378335774099113564
       -0.7135592581104388543167
        0.4848384187177707804750
       -0.9829711241836698309982
        0.7710689005412088015134
        0.8930491407497425093709
        0.8385584608981897503099
       -0.2543780985850915832280
       -0.9318996847450367049248
        0.5304242120071087640554
        0.4481916775633698613035
        0.5724983515960770930064
        0.0550657576400794823712
       -0.2625030824918353489217
       -0.0309860072715428813694
       -0.2689363466797987656243
        0.3145140523629064155386
        0.5268015586124512594779
       -0.3550848303836473540684
       -0.7493385885985039962520
        0.3668904453161694334540
        0.2732373056694452628790
        0.5371809124565993798228
        0.6161408916730521934113
       -0.8878917020281213989819
        0.5096335916156662371179
       -0.5671458184669457835980
        0.3769822849460984226511
       -0.2371843516450455879863
       -0.6688420992454455760168
       -0.2828784773204997549101
        0.7513921756094057435860
        0.9781129697323125427033
        0.6857865953637831690770
        0.3306046568950411490562
        0.6275978482631032751016
        0.4937799546903105518680
       -0.4191813149072389776961
       -0.2830511194007044317722
       -0.7174249448165270770517
       -0.9973349437665872674330
        0.3229075477757918921640
       -0.5176484158812133529182
        0.5929847545009332421273
       -0.9844768000887991199477
       -0.5807751736969022360313
        0.1806941070862371212513
       -0.1302566730164618769017
       -0.2835996544927048557128
       -0.5998181773132951200012
        0.6826421137695803942336
        0.8539560011647080450814
       -0.1751726934892286480228
       -0.0593324402296606101537
        0.3729551748728765492302
        0.3847269818606158242602
        0.6477533354539439791608
        0.2816893999057110686834
        0.6253497386767916665917
        0.7720343692417928060934
        0.3456858575788972487430
        0.1202911747593928826205
       -0.8514071646892644729121
       -0.0569361888690353978859
       -0.6228002055719792373623
        0.4443325333991481329576
       -0.3081900360512874748053
        0.1836971049320057502996
        0.5518984996182698665734
       -0.9694922567298722704265
       -0.4678475948837588216378
       -0.0079271597924563952375
        0.4646965204562361062557
        0.6414447399833256291402
        0.9310811526871827226159
       -0.5065126575842757716828
       -0.7688580727333547137903
       -0.2676684355936673753718
        0.4650784903485556398550
        0.5144030422378018663210
       -0.7254491363256179159436
        0.5275001130252994219205
        0.1596689870931324861658
        0.8570348263722187276414
        0.0000939248241551560170
       -0.2596216958310346711869
        0.2049306474915746356658
       -0.7545022345858529710938
        0.8871631795138661402689
        0.4946370919361011697646
       -0.5125298170408458808822
        0.1277555258504023960597
        0.8737203598359388756478
        0.3721006145969569800513
        0.9289069789462387483070
        0.4648682964063430844703
        0.3092485057039082718688
        0.5473435866273526073655
        0.6700504941553229176776
        0.5036699431666451509670
       -0.9063040409301581501467
       -0.2501418180932888368773
        0.9522311407006869288239
        0.2945202316144199805592
       -0.2143971346717749582034
        0.3964375599697105290176
        0.7523982388032113277632
        0.3127000108599489180961
        0.6192601623621545314791
       -0.0126916678850990671812
       -0.3380645218047023115027
        0.1874983608720564021155
        0.0060999484553727612024
       -0.9210985525516941496704
        0.8854582843730520735903
        0.6084051093792817166417
       -0.0482325136417301458813
       -0.5652533428300494655616
       -0.7583251419156993300419
       -0.0744476071831843277948
        0.9654518902095146071218
        0.0111008141384356662229
        0.3463236981345461096282
        0.9883684753544019763183
        0.9534648657249966685612
        0.2394482527387862269563
        0.2126525335195528221277
        0.4003505113020948691371
        0.8896245834156104592694
        0.6381946585037665542472
        0.4499571552448848876793
       -0.0265277050394203128825
        0.1606612220077017205710
        0.8092345153745172936510
       -0.6620280470136508110812
       -0.2540753721461249114988
       -0.7294297100668838407245
        0.4587015106470986314235
       -0.5843786790971432498765
       -0.3985322127231698541294
       -0.2348652585062800945970
       -0.1748711060579066778331
       -0.6776681484109983166775
        0.6058593462686723274402
       -0.9509382440895737254039
        0.8357990812344984199456
       -0.9130017895849704689937
        0.8483844954457016029892
       -0.9457067056097641088996
        0.4005528337049684139970
       -0.4483808329261420588807
        0.0296465380068320349949
       -0.8667697691791993452881
       -0.0367079886595134130545
        0.7417145333620100977612
        0.4203685334018902874931
       -0.4915168116932359665405
        0.2395818127938109665109
       -0.8655767848657727192574
       -0.1922286391307395647665
        0.6530882470265686468025
        0.8775616486816315564568
       -0.5177580800587699982884
        0.8219414131794806621656
        0.3421810770399471568481
       -0.4067033576388273119484
       -0.0279067396857566318857
       -0.0579976024326938066622
        0.8828614587022345361333
       -0.7712018626870977833221
        0.8259895320298449306051
        0.1161675060814468807280
       -0.9498925223818455165770
        0.9125680474645281314849
       -0.0296804456031991570342
        0.8094081204423790865121
       -0.4214384806753455614547
       -0.8841435529015739813730
       -0.0030944528021898398684
       -0.5505538661693238910999
        0.4787997475698078098105
       -0.2867846076455346504552
       -0.2091840857412434195872
        0.3555185343198028480316
        0.5772431435874647576156
       -0.9774447028645520951784
        0.7727771577569182426259
       -0.7345556207216563660012
       -0.4188439162560087525300
       -0.4045118231117003637642
       -0.1852481306640181291101
       -0.0981058260030667206308
       -0.4630050708210629029082
       -0.2028741817622514709285
       -0.6589250968232915894873
        0.1769085998128008263564
        0.9397793573250323717616
        0.0996103014332259117936
        0.9376608422217502791796
       -0.7077711546744334114578
        0.5898782392073331770632
        0.6624012783051824726499
       -0.1799835823829388226081
        0.7057012993188018779023
       -0.2440566487976001397442
        0.2416515377642380890677
       -0.0753089437629644309347
       -0.8344579234818152446707
        0.6378488770170429589257
        0.2539267954440886931877
       -0.0930602326167035975857
        0.7545250156700380461672
        0.1437994636654051916480
       -0.9457234582422333613039
        0.8268698843562205524904
       -0.9841269487219395095678
        0.0965489022044863087757
       -0.8101738735123151791129
        0.6739015972794768494225
        0.4132600630608074254724
        0.7205839168603671573976
        0.8902726722460920782964
        0.8497119934885826175730
        0.2857111092386790396347
        0.0669387379364503321000
       -0.3631935254566194259951
        0.5504729332965907495634
        0.5051905165094539018611
        0.2027037906889495033624
       -0.5402826584467546044976
       -0.8728389197246950725884
       -0.0602329994643464039505
        0.0496390902938204092720
       -0.6054184944309044524857
        0.3995667427261562210106
        0.6613613233475237329628
        0.5731791987707031132970
       -0.3909033900458767640806
        0.2476545765062483361874
       -0.1677658990715143461081
        0.3726660420198295575744
        0.8638082971493095119087
        0.7224065395705503433987
        0.7391718343030366789037
       -0.3672158401493330059928
        0.8886112065447546726205
       -0.8320214035909083705178
       -0.2978278297204272617726
       -0.2750018985944371885388
        0.3732110613686916433807
        0.1600112360729095684064
       -0.4024621597632445091364
       -0.4125873174622520789256
        0.9381666966577131283600
        0.7382947844469043285898
        0.6538197190397407876361
        0.1983560532234203144242
        0.4051914819185511440480
        0.0513509293765788132902
       -0.8612738384334868158021
       -0.2505369540944151207640
        0.1037513066829651720013
       -0.4436098772865466610682
        0.4782344346996256767568
       -0.1959872935771809765448
       -0.3480781480241686431931
       -0.4193729848412339755725
        0.8692135505930576044875
        0.8271306351504228437932
        0.7135593512426789963854
       -0.4975579908931911377046
       -0.9393183116174719238245
        0.1444284855265438594074
        0.5695197842069981142288
        0.8714890047447421128624
        0.7776423958485940701735
       -0.7987690952070498617843
       -0.5669965963583170065476
       -0.0556228385490716292772
        0.9868546336119647932605
       -0.3300576612794686170993
        0.1763690221823908110821
       -0.4153890285359738143711
       -0.8597292462786154665366
       -0.3652454752022684658641
        0.8764301549485242759374
        0.9183446499966885223643
        0.7346612802116361251592
       -0.4473533046070778951275
        0.2119232780543724992128
       -0.1885843566980306973413
       -0.2024240567444743899017
       -0.9598567074738992843663
       -0.3657985439731024635002
        0.5123678097343598025759
        0.8711623302742370622553
       -0.2311580419430891986110
        0.5994624642014234616738
       -0.9452052526048135838721
       -0.4745351027143198674452
        0.6687984211427835390396
       -0.3760792353545796551373
       -0.0014781013030673029185
       -0.7393359454674692798903
        0.0394304795629210058650
        0.3516427911913551085377
        0.7327426744541487568796
       -0.5731449084007691485709
        0.4928086065496120049545
       -0.7343294955735835127797
       -0.9799478132588048673313
        0.1079222455751436271498
       -0.8654589092160969165946
        0.5732789015208141769619
        0.1086828894087978891747
       -0.5746578653866549757367
        0.8674052562823932888136
        0.4965637862311134131943
        0.8785948720389185062629
        0.3385436752192396703265
       -0.3400458763594573774469
        0.9763918584008959289378
        0.1991962282891375224381
        0.4587237096546334935709
        0.2098946635299347995840
       -0.2957278023037774872250
        0.7385182292482879162776
        0.1526179476967823855915
       -0.7206974804860371008886
       -0.0698114288373636870944
        0.3055504924714966819010
        0.8644445414178751896372
        0.1663517228262523239835
       -0.0597918123503833331966
       -0.2376134418086448540919
       -0.8449669239630630546145
        0.6466456807876210799435
        0.7415895545142110467651
        0.9239757501230263514458
        0.0254753131985892000699
       -0.1654579045051937646882
        0.7726306998140202164649
        0.6800983222690966112367
        0.7440499209224835652776
       -0.8827732559246741494974
        0.9274864855392284113123
       -0.9127167592083536007408
        0.7139979986396782773994
       -0.0023090432356789314383
        0.8787917452727582734440
       -0.3058165722941344477626
        0.6175440419890105836487
        0.3765255279794770260082
       -0.3489260623814034456558
        0.4039320812591211673492
       -0.4453934030703865509793
       -0.2735080653885784141011
        0.1334703416416296306579
       -0.6325737954764174553191
       -0.1231856297401469624297
       -0.9312433937556625629384
       -0.0682310180120025422390
        0.5732788484354212066307
       -0.2220014998840204589747
        0.9622396725850628218524
        0.1992090246628381855487
        0.3337709686929952734857
        0.8105189872406448614583
       -0.3207257949308605637917
        0.9167793768902599005344
       -0.3205781542081517776488
       -0.4408878539070988367143
        0.8097259100944631526886
       -0.0270964256193091390656
       -0.3837978394014135985479
       -0.8949540225361627410194
        0.7377307456261561480204
       -0.2137706664974403647506
       -0.0199237415103743487066
       -0.7953871933832428187117
        0.6814234174994489023902
       -0.0610324347505029063399
       -0.7979898454087817061264
       -0.6961045685237174929227
        0.3404630539745561179643
       -0.9624575192058113515259
        0.7702762136192324859962
        0.5916375766783819045713
       -0.0937029207069311476097
        0.7581105949712259040041
        0.9133328990140761050043
        0.6391239062024607342494
       -0.2109519625099964823534
       -0.6815694349267449325680
       -0.4204954112166738866563
        0.4370039244522159194162
        0.8554817712881028768379
       -0.9584441517301387492012
       -0.6079972915571736358231
       -0.0549932541690310028315
       -0.3632216197367543752961
        0.3680972318317972113988
        0.7309439522780474263186
        0.2171529352623569053549
        0.7833035683844513652474
        0.9918148051502786444189
        0.5813985144896300916173
       -0.5148622960805719905863
        0.0158766042740920987342
       -0.5128040599067946736511
        0.1829336578170677185540
       -0.6296386314497799396861
        0.7518082868600579615759
       -0.8883411546309194495308
       -0.5828120760619195372954
       -0.2769219655972184335191
        0.2349243583812370417263
        0.6999080689514118880368
       -0.4501260319874998416800
       -0.7855990208281928843803
        0.3988721762370479595461
        0.0113719938840715073525
       -0.6588858434347373282947
       -0.0040831822181703336661
       -0.5743060675553821603501
       -0.6412980929819507291967
        0.5086349845912820910598
        0.4097775094690729869029
        0.3146889659391414184597
       -0.0420522078710581781458
       -0.6046539297287436554029
       -0.1262164592330531909248
       -0.7825547067141214174768
       -0.1655219767119975315950
        0.7346404409352222941720
        0.9198036703605581010379
        0.5030333403388453916705
       -0.6297563906841201486486
        0.9681466388727908434220
        0.4168132910058643947337
        0.9129127802819074766205
       -0.8274678102842367710679
       -0.1822606263024477701862
        0.8145194596224121230676
        0.0630263016255110386510
        0.0152455865884382202324
       -0.3858639573590791904678
       -0.5533771205994097996950
        0.2038082499871380903755
        0.4681075736114261864884
       -0.2443867067634220568983
       -0.3375903872880895995046
       -0.5360579785103243288802
        0.3869486754102720027504
       -0.4611273696872513205847
        0.1142198942789152127375
        0.5927731663686603980068
        0.6804313688494167955412
        0.6263229401496346326894
       -0.8930644842910167024996
       -0.0892806113026404779554
        0.2215249178513611916230
        0.8469750689461648107681
       -0.3011799376001978445494
        0.0183086938629832829406
        0.9556963512013694206360
       -0.3156353378680848975613
       -0.2348445319199112812925
        0.0216179031572081292722
       -0.2270851927501302824908
       -0.0527730647055122403799
       -0.2572890063123816073443
        0.5364485175026456609260
       -0.9821588515456145529470
       -0.8119126734555002222748
       -0.5037377294883476075427
        0.0988961194257127473861
        0.6101828171903043163127
       -0.4998208796392011321608
       -0.1304589693423001128814
        0.2249576028385706916168
       -0.3338136465550931020196
        0.9362885605962074642150
        0.1024895488458177350566
        0.2970260828913364736792
        0.6257851944309473779526
        0.2950669925367042090159
        0.7395013623462505236716
        0.8644527491647036043787
        0.5324442537062252789326
        0.4099702625313512704963
        0.9881786801729730562727
        0.0629974725317770101185
        0.4329492248757547123716
       -0.0943383724198914030978
        0.9659587383667831428369
       -0.5754275952044303199528
        0.2868381912962243429632
        0.5812004100471999112898
        0.8317470657300169989412
       -0.1105404711786600047141
       -0.9050306620485393249709
        0.1571140569733284753084
       -0.7920182062111176257702
        0.3901645317124564638078
        0.0651559097133018738646
        0.7261446751155817835865
        0.4342191476188870247199
        0.6391187187351015097647
        0.5457844546627128590188
       -0.4645108128501029831625
        0.2620814680554053310857
       -0.9318113348184637878546
        0.4388827729755759854413
        0.6790600846704704096624
        0.3875024668875099997933
        0.6790724964079017933472
        0.2165841858114649909339
       -0.9446263815389737139583
        0.2352504312172869482822
        0.9524469849776329155588
       -0.3791618463888073442547
        0.8725867203353638856811
       -0.5264383194820136946390
       -0.4789166714077274789041
       -0.3599326154881943851116
        0.6685455502698243179793
        0.9912240401624206054265
       -0.9425488390459233478680
        0.1207544258391013425324
        0.3156136529506441412707
        0.8445180869645318999517
       -0.9908908557463713684399
        0.3003685879028954452963
        0.2541860039679235683252
       -0.0908743437676968746075
       -0.4229310826726140337684
       -0.4766066903301182655639
       -0.7539670853948132744904
       -0.2156677875718928660831
       -0.0038550659021954758465
        0.6260229629752360747119
        0.2529566868938848411830
       -0.1578412421082071026568
       -0.9591470274802484929921
       -0.5551909180958236600389
        0.7752396941470482971681
       -0.2906705338562272089575
        0.3639703789615889029108
       -0.8018877530858250501922
       -0.4339991868956988851913
        0.2488368096305919596745
       -0.7614097543623783437283
        0.7739407020289290617399
        0.0890640098603223684393
        0.9730280205118995162650
       -0.3628518464463260095876
        0.2634415335212807462995
        0.8708726069626073762464
        0.8995722328733810613244
       -0.5046726908517182863534
        0.4133428921065001038215
        0.2073286311123951897173
       -0.1110578358316947622519
        0.3620565294690569757563
        0.4756651258888782152212
        0.8126948541262315472977
       -0.7907717006455929897868
        0.2491704699525620902989
        0.2722294077699489722733
        0.3368031299773419640076
        0.2213525831076428307398
        0.0112643283249984627048
        0.0943539078135819941906
       -0.4053847397577536870727
        0.9358356676874084456585
        0.4621843957897091570430
        0.8295886164412973329263
        0.2225429168767059096012
       -0.5446255576909317941414
       -0.9392788589258631581913
        0.3756784275982694154550
        0.2951540153284502032704
       -0.1685965616073203943159
        0.1722124545305745435542
       -0.2707010914103600840441
        0.3289720817547348019616
       -0.1545568656020721021171
       -0.9107849873420592601292
       -0.9632984542308400399691
       -0.0966851686832637668978
        0.5507841822694536926264
        0.2393502775922571323974
        0.3746440112166222746737
       -0.8816760851578235858028
       -0.1035366554304077979509
        0.5969735322637368390986
       -0.1436457153285524146469
       -0.8510770908909570664491
       -0.6581249695643793806710
        0.6718392251016527261243
        0.7670164650101964909368
       -0.2660889160441164413839
        0.9072941738493973673485
        0.8826568936743341975415
        0.8357345517482559493772
        0.6872913576413579583857
        0.3356422204172089251983
       -0.1723830178985734651320
       -0.3089103238103278470383
       -0.3517623534664429119090
        0.3473909799624466110401
        0.1054905806693970937715
       -0.5445922303086261351268
        0.4754788390000062037188
       -0.0962819646337118584256
        0.1305715914006777556011
        0.8516529696169792273963
       -0.8834386794643036555641
       -0.1962838388274830148106
       -0.4393113257660141712790
        0.0362918271174077489150
        0.5914197449588245447671
       -0.8063835680644024783703
       -0.4836644501509680948992
       -0.8618625172585288041205
        0.1675166631509690251534
        0.5869488838402860952925
        0.5317885382742710831394
       -0.0710471291970896090540
        0.0541993658407617928674
       -0.7890152847338092190199
        0.7467801194524659180729
       -0.6739323244088724074174
       -0.0470362594543543566239
        0.1133822878011649937235
       -0.6981467067848732277469
       -0.1655867641746238683176
       -0.7189975818914313698826
        0.7497387509481361345109
       -0.9250913359333687857600
       -0.5293058890394504167887
       -0.4317568692051692580414
        0.9208055770612177948209
       -0.3760666177948346344806
       -0.6963984706802377466772
       -0.2429268714922025451664
       -0.2661887901576016068894
        0.9640055218643293066805
       -0.3378536135379901494957
       -0.4345510347024919561854
        0.6654212727899639912010
        0.0320603746024072933096
       -0.3526679874784428014856
       -0.0334072311186606740741
       -0.9629514452608167740522
       -0.8595483675805788426061
       -0.9070912544687110834474
        0.2152333348522412759252
        0.9824090905006355178841
       -0.9674962841342433783609
        0.8937931148386466517763
       -0.4572751228988394256447
       -0.9372436320103574303175
       -0.2823139253409517324123
        0.5584719995822684524001
        0.9458538490061303427581
        0.1819009299234495280473
        0.7655118135600211815017
       -0.0179225525763833104520
        0.4692188297025745580271
        0.9855859104124515823742
        0.2250896643953941289595
        0.2115256032676051667352
       -0.4656010033534249692444
       -0.5888516068207212406094
        0.2553907480929016315940
       -0.1242488519324607687544
       -0.4315050488641997694650
       -0.6813741607739567385238
       -0.4804183714963117801666
       -0.4065039241989248375297
       -0.3331790022989013499988
        0.9885512567446852472131
        0.2096789040033530948648
        0.9713289629016790271976
       -0.6206628563300253809132
       -0.4790721445542223677627
       -0.5036559314168680412394
        0.0552465078155854882880
        0.7945196467437662946054
        0.7078245818629120833521
       -0.7107425629860277815908
        0.5262259285495574090419
       -0.2345298286712074187221
        0.1970387298808797815752
        0.5762026512566165159512
        0.4192676457262010103477
        0.2619356797335181674669
        0.7869062951989271859077
        0.7104584890777809746965
        0.3093914618735080779288
        0.5264690084271224090884
        0.8609852075633388501785
       -0.9638661103088992376797
        0.3090199535289164245455
       -0.9163791335155537787216
        0.2098446887546234762567
        0.4635674453681435380759
       -0.6563709303880895795658
       -0.8488882441611007578786
       -0.8514217464085536146712
        0.5719299299707700789952
        0.1584702639693171821733
       -0.9761046859821305154981
        0.7997853507962986441271
       -0.1655629847124915343670
       -0.5660251318022826438892
       -0.9596757747591471154891
       -0.3850769068019962992899
       -0.9106123266354009260226
       -0.2327781923074465075807
        0.7348117949961530115388
        0.6552756064340958808145
       -0.8616272539722644729920
        0.8345864217980150101539
        0.8230322472267781463984
        0.9811385717109841753114
       -0.2332399579274713197208
        0.9447732008350455679135
       -0.6565486323444453820031
        0.3054766497583978335228
       -0.9319285995204578121331
        0.7150878212705393810467
        0.3103496737077255929194
        0.1293661729980752905789
       -0.6358418840801034477295
        0.3583605474514228728111
        0.6156076861524573118345
        0.7810699734621955325764
        0.0341427609047457725211
        0.6339468556876970417591
       -0.9129687415994705013134
       -0.4185160664562745380657
        0.8416751322656765843533
        0.9929263182864880299405
        0.5931540307809521905824
       -0.8579549741169798515728
        0.0118999476760419664600
       -0.1187153767753221789150
       -0.7369433886639380482109
       -0.8950542738353355343150
        0.8781380089015109469130
       -0.2047112436993525630413
       -0.7405802586993921465819
        0.3101142558218956679639
        0.0614770621704381348138
        0.0527185394875304691453
       -0.5990526067826336120703
        0.6396704976240159545853
        0.5907628616482223371520
        0.8319490342302700014443
       -0.3845306255108951187793
        0.1149489848999800667428
       -0.4751612179173565486678
        0.7433080544168171321928
       -0.9513882145077849905590
       -0.5968597833049096301750
        0.3008982609165435917475
        0.0081811212442519654076
        0.8990885159776556001532
       -0.3530850449529436274609
       -0.3939444985472644322755
        0.1937563389547105607846
        0.1002976799738464208644
       -0.9043699174740824631158
        0.7256856103313451544778
        0.1465488558246157424492
       -0.6854395035060694141293
       -0.7265039523993712666794
       -0.2183675895920613729828
       -0.8567704853290918354247
        0.6895353610259484788969
        0.2793450427764523347207
       -0.9494757284716648371159
       -0.7258387458579276252379
       -0.7979909592707137289125
       -0.2878849085879318092651
        0.1009679463914412433923
        0.4236977055978816686377
       -0.7788177707127090787509
       -0.2218259520770364812137
        0.3795054457864499575237
       -0.1604748904153692756758
       -0.8214188713036647548904
       -0.3748310366444123631346
        0.7209729368654169689989
        0.9442067917980623281693
        0.2148547279661396913752
       -0.2756438565276793095649
        0.8686467327054154807797
        0.2248477216628284036659
       -0.3910738137154443627708
       -0.7553409018401420205180
        0.4392263183565314754730
        0.0585990413098234075306
       -0.9705013010875944701183
       -0.2309978451279326439050
        0.0269074108862623617711
        0.0248423788508482790149
       -0.9128811153106242137767
       -0.9078129103407766020695
       -0.4225418428754105781842
       -0.9373926222196375945828
       -0.1554220811408378311036
       -0.7385487077145265200073
        0.5188880929887784709820
        0.2958709046910108497741
        0.6510537120838182367777
       -0.9943540899803151589254
        0.6900763235331919265292
       -0.0463692610480635480918
        0.3608737310318432811584
        0.9587614393992669459266
        0.6305678651786053023898
        0.2965938672088042071806
        0.9125378139361841611787
        0.2978193965934803344453
       -0.6545140536295288580249
       -0.3085946594366122952557
        0.2036007457048418789469
        0.3736273579525581922667
        0.4668923809772378419325
        0.8870515670092513627054
        0.5596641131089838960833
        0.9390687190003381701331
        0.6833108556119387166916
        0.6808065819956519160172
        0.8117334292287483599182
        0.0504699502700358682006
        0.1658018270718084608006
        0.6253826348566939863360
       -0.0467620883002521914307
       -0.2350754906327225945972
       -0.9317019258233230072364
       -0.3594212476219325047566
       -0.4441914184545260879666
       -0.3627043146883714985762
       -0.6730883150876585396816
       -0.6363823865139401902979
       -0.8486443111919557136247
       -0.6308393066259445625121
        0.2575999917208959821835
        0.1950236353678693745906
       -0.1830189148210301652853
       -0.7531823407927000779694
        0.5991901743191461182647
        0.0710872403338089764446
        0.8121045222034224408958
        0.5831541164253863929190
       -0.2008421185499087990856
        0.9587392618121537424258
        0.6349222522881099450842
        0.3410338467474205437213
       -0.6966736923663292557762
        0.1457998535245319526865
        0.2242986426783795117501
        0.8937121521636159915403
       -0.8324335855911499937321
        0.1004379893243738663955
       -0.5506411655639076307978
        0.0005383659795816786442
        0.4209323049330278010416
       -0.0288033920217762307026
        0.4609777946072961540835
       -0.0474493448376009929746
       -0.2395302976108060200033
        0.2618770622836841255321
       -0.8282460933695570126645
        0.8191825653010424979072
        0.3957061997152606647177
        0.7393416265358232486449
       -0.9355904802266343800454
        0.1416112204326491763595
       -0.4148837002973282395146
       -0.9418825689339729301253
        0.4827276727083320562173
       -0.5930828581700213764094
        0.0239657555405061728493
        0.4023327552700148856957
       -0.7098778987902920611930
        0.4924012813971763158349
        0.3172175861930761620044
        0.8141443982817748725722
       -0.2405245283498906316844
        0.4682141569735387420792
        0.0928960124875166659564
       -0.7518162608449210360106
        0.5775343495648099789719
       -0.2851511244656097510131
        0.4455212531859971125670
        0.8454647233890895119401
        0.7644861264659066346638
       -0.1629937708966577858405
       -0.7684987554027178369154
       -0.1011048638647760178344
       -0.7410388447837681358266
        0.4486113334281636166878
       -0.1767560584701486359194
        0.3043102966171671308615
        0.7350967024381751535600
       -0.9076632430599038681152
       -0.2989960659961283240271
       -0.1185495622217258571141
       -0.0783974007096899239144
        0.2600371197655164667850
       -0.1184472238284146050624
        0.8346156383219862640033
        0.7372968721892434462717
       -0.9263238642080273699264
       -0.3726931071884252433257
        0.9159919007187093953348
        0.9363414587934288935145
        0.0134676357021945580783
        0.4975584034691125090433
        0.4241741786657582391484
        0.0518935757152378940305
        0.2435047656005164817827
       -0.4311727892515488935743
       -0.5325475485679631582059
        0.6777417424609115670364
       -0.6442460729400654173560
        0.3170043868725573865675
       -0.2785055485076468606565
       -0.8050913019587189189963
       -0.3284057928584065977340
        0.1873316410728096403915
       -0.6389599384617783428553
        0.9872796762471722775700
        0.7087531292069466637429
       -0.9579801434850869767956
       -0.9181766030626432595341
       -0.8843263911025411871947
       -0.5154026951375905163388
       -0.9347523531395030005342
        0.3726416413654658477128
        0.2386453706273701236285
        0.0799625713705949259236
        0.5056175419306589979840
        0.5650775081756498341434
       -0.9105556100151681597765
        0.1065655943382337600411
        0.2132004194796413010238
        0.5624515926407465116199
       -0.2977969647553024845621
       -0.3422412572492761206888
       -0.7997083034018668268317
        0.9127890875907374024223
       -0.3258013247536308276686
        0.5830666251783296338829
       -0.5458178789026062460721
       -0.9567837849895703961067
        0.1855569386400934828174
        0.2458369242652387320902
       -0.0776152973387130296068
        0.5519563226498529484587
       -0.2930955845082603428153
        0.3022240937544631300682
       -0.6347692350395655047635
        0.6250246986776000213126
        0.9646954773748210865136
        0.4262964199911056795145
        0.2702151365461928911316
       -0.2932874472260512122013
        0.6831813402913380350867
        0.5406547656318045902424
        0.3489057763106364618011
        0.4271152184072195545639
        0.8459686723388375462207
       -0.4489877731264040883197
        0.0633824394204989260970
       -0.5163952364573232145517
       -0.4324195043646779090807
       -0.6059157155055716614811
       -0.3069669877102458865892
        0.3001934973753503932414
       -0.0950579989398248614840
        0.8720402239087223783542
        0.4636139984639076061512
        0.8948310134358152811984
       -0.1911345668744639514358
       -0.0689606888471007706265
        0.9134446623929659558883
        0.8236149646553094783030
        0.5291246583014102000675
        0.4975260828466301354922
        0.5354894376756851315236
        0.9594721457105173101354
        0.3185091528754229184273
        0.5695614795236338956386
       -0.4389709794784839580473
       -0.5647951618710416177294
        0.2004596364300839095307
       -0.9854821135678428767335
        0.4732005936742327278921
        0.7177131463468602312616
       -0.8601727151331581833205
       -0.3593974197310205176414
       -0.4148761677594468011421
       -0.7730892858984246274190
        0.6714965411941817841068
       -0.9002006307483485514354
        0.0512658251095652328644
        0.7535543362190280092250
       -0.6776154513794767630941
        0.6448031426731284376785
        0.2907522676664129335222
       -0.0726417249982756474402
        0.1445741527764816680701
       -0.0439399905729418449596
       -0.8645685591406913061974
       -0.9022181243485971613438
        0.5817161560614070303643
        0.9956713425423031615935
        0.8810140534953867508250
       -0.5011805576748391555242
        0.9151931192210782661789
       -0.3321755961687178348996
       -0.4409467097755404019210
        0.5979063674174160958330
       -0.8056393965350889807553
       -0.7152129072204758131193
        0.1073123437687411030339
        0.4623595384713250489028
       -0.8426787134845534765759
        0.1927745087771852716685
       -0.9518621981501227402589
        0.8934368168561568346320
        0.9215357610551158096257
       -0.5440359009770698861530
        0.8123166207005267924757
       -0.0610024619925110811458
       -0.8639980867428307398370
        0.9813955413350825551788
        0.1305715737055468395056
       -0.2433737936912636623532
        0.9850148661824618123717
        0.7559709490875290427425
       -0.9230730684039685218778
        0.0239532897863588001286
       -0.5406867621540207835551
       -0.5822451929816891968983
        0.2341538145874342280450
       -0.5334672082996085862305
       -0.4264097768631392448846
       -0.3341296154713266908232
        0.3010521703722495168165
        0.6173834847519745760991
       -0.2834294832115851203724
       -0.3649714213948245800090
       -0.2490286416147626802342
        0.1679712361658927122221
       -0.3109962519328396957086
       -0.7097671142315444825499
       -0.4256619340597990741593
        0.8572673729902091643851
        0.1852110668150692696088
       -0.4834000578850650153839
       -0.9187717126708294657078
        0.1286775036442122654989
        0.1598348258611186345490
       -0.3361781351555244712337
        0.7230908633727619605480
        0.6545690007366302687331
        0.5650104436290570575352
        0.7631109465641661149249
       -0.0624250955790528472278
        0.5054289937903062579494
       -0.3415485040454366849616
       -0.2426266512425829802169
        0.0596842892836526583977
       -0.2836891620533761315670
       -0.2272418300499823295979
        0.3109936749629400587480
        0.9379360471440334467985
       -0.8856218879666211130086
       -0.1109076535293769261159
       -0.9277077836418499146021
        0.9997129607603219003664
        0.2465016539694673269878
        0.9174858326447730139108
        0.3419677566474792484996
       -0.2173657369081176127246
        0.0082222996767973288712
        0.0551732276213887651295
        0.5093573426806523585242
        0.9658562816954907592759
        0.4328702012145555499956
       -0.4323091640468516572149
        0.3610252609580872906747
       -0.6635934765822906200583
        0.1482966393064262256019
        0.6757511016876580622892
       -0.4053752411976829228557
        0.8992933091796140310237
        0.5466908300075705717802
       -0.6923148488777739473221
       -0.5650929215661255611280
       -0.1147898758697487586744
        0.6827148556592650407993
        0.6087635009751688475177
       -0.6375319665336025565239
        0.0917888132379869325916
       -0.8849969648566220481456
        0.4035390528412325927832
       -0.8965080238441271998084
        0.5947512538434343021265
       -0.0974486008970389949724
        0.5442802837750435607234
       -0.4406140124412272762733
        0.7723085040743105089689
       -0.5497873950496254824571
       -0.5082728984383293457938
       -0.9990325913542617009000
        0.9673991732551381339533
        0.4695050531035516172551
       -0.6186398902776759634037
       -0.5143007103637775578875
       -0.2802145228418240763268
        0.9211444900431349225300
       -0.6261229255644047420049
        0.5300085263709239935537
        0.5103838186050819736295
        0.6844389127643362158437
       -0.0983911655788150540936
        0.8195228948247645917036
       -0.4381450415426622058135
        0.0111518077807648552380
       -0.5419555430955407260285
        0.0118180415711308661741
       -0.5563714068527769729400
        0.4735875163405944832107
       -0.1809088216687940176008
       -0.5503678679904844273096
       -0.8094426333984918731090
        0.8769214034508086008657
        0.1263829424763094344542
       -0.4226646657111924887396
       -0.4485389864193263242953
       -0.2775316066332689235452
        0.9069490461511993117938
       -0.7041751399025528712627
       -0.2439730653805321503036
       -0.9345933242029942356055
        0.9752868850125848698696
       -0.9677713083799257542950
        0.3036279127601095861877
       -0.7461359971253309630868
       -0.7668763558940749902604
        0.6995761921123850868298
       -0.4279044789930637748832
        0.7269167034377452818461
       -0.2986394988613823020529
        0.2262690690927413594835
        0.6294737389056139775789
       -0.7584087337146714347114
        0.3532118659569865037895
       -0.4337596069287865674369
       -0.6363204237530193374539
        0.6398257723987790246412
        0.8934465231011863295407
        0.6610223405164052934424
       -0.9655411584202839847535
       -0.7910102412563879692442
       -0.1158735303504628277871
        0.7174383009151334977815
       -0.1334996969327092997126
        0.7361379016429419053225
       -0.4081529921326711995988
       -0.9119911629100052596897
       -0.9243570476003952762767
        0.9428522462817447991057
        0.8082552305018919636126
        0.1124271735461999099925
       -0.8013271098675887049723
       -0.2106177117294438239092
       -0.4082556723214081362272
       -0.3986089611630478923843
        0.0657112779198469887376
       -0.2075188994057767799539
       -0.7345793098454882485981
       -0.9730987041784771029995
       -0.7116609654320478206557
        0.2544591432164899913460
        0.9217015886472297303555
        0.6983891887532456266285
       -0.1102845427733241123747
       -0.6125817889445226427370
        0.9244022865998218208006
       -0.5835685382567152856836
        0.4912762594254114212333
       -0.9712277076366795380835
       -0.6038005336061811334503
        0.1343318430655249251515
       -0.0073485085187705578846
        0.0214949182712789177430
        0.8346077611947109176072
       -0.4387724773612671214096
        0.0975298429688469248333
        0.9023113870023085070216
       -0.5449701722303301743011
        0.3193607645837195363470
        0.4379855553266862600026
       -0.7116591428335521385407
       -0.6309848220702845011942
       -0.5003499649882345856611
        0.0038605960962745378140
       -0.3529893822806429160011
       -0.3327170662468250106336
        0.8116909609142832771056
       -0.5228625926435173099094
       -0.4557570352562785309658
        0.3327555838904290297364
        0.4279792669986601794108
       -0.2055220988642804669233
       -0.6316914249737821673847
       -0.0318066944100630077941
       -0.7237538598855008942223
        0.2970471522044535461760
       -0.1922698864811638319594
       -0.2492329617047967516008
        0.1322276340100168035008
       -0.8986266376676141920399
        0.4495745678856248872535
        0.2028940096222002775761
        0.3975298822706598844690
       -0.9886373267933521447048
       -0.9556035095055119832352
       -0.9976178777358386540186
       -0.2923656426582606493447
       -0.7026433748550307001324
        0.3953687992013850127648
        0.5186151539745895711064
       -0.4573877002537565794604
       -0.2626314317964339450917
        0.2859608098892159055993
       -0.5478228201356976079239
        0.8327744916035859645831
        0.2593754624948276799046
       -0.4601613095967618805027
        0.2304966677944686459512
       -0.1580423342338126424522
        0.8346036112208237156551
        0.7685331724325372704243
       -0.6149479278487532951658
        0.5386480027315401208909
       -0.0768005734593490974049
        0.5963228944030647404873
       -0.0040601906550299382559
       -0.4087805723062923335398
       -0.2225193553441104921120
       -0.4489053641072428546543
        0.7475216795529688873501
       -0.8774919056510235293445
       -0.4958227933061544745463
        0.4456662582655055437897
       -0.8233113283141075822158
       -0.2990034755994152582126
        0.1722820448242909918690
       -0.0928535572115976037821
        0.1474875778689910266195
       -0.5691654773924383903250
        0.0892346849870151448414
       -0.0944523560720638699628
        0.3162221456658231844017
        0.3189323999204924930950
       -0.0133982642693379339072
       -0.3344501609072376147047
       -0.1551365040778046044956
       -0.8900505685494044527672
       -0.1091776964950921802178
        0.4767844006683499280541
       -0.2876832586000375169277
       -0.4809800866669593499836
       -0.9973947216444876140429
       -0.7047217965166963082879
       -0.6783209841932085204519
       -0.4765894357147213988846
        0.9910570940517611226994
       -0.9233286056537766128827
       -0.9949409918416729503576
       -0.0076217828091265094059
        0.6689050408264805014369
        0.9000262415067572518979
        0.9498764151559688784232
       -0.1243075364375281766094
        0.4926919462760410706181
       -0.8759851214718981093910
        0.8203392960162854130601
       -0.4914050268939242349653
        0.7984095022048696144168
       -0.0577765772076475059293
        0.6691151649194915229657
       -0.3387413549785534550018
       -0.0955863867281668277975
        0.1024251059725851398241
        0.0693025606411614703006
       -0.8196146068262610828725
        0.8337055656260665692514
       -0.7969702333325454635116
       -0.0142688162870924784009
       -0.9367576920473812407408
       -0.1196726563555313149756
        0.5970903424802602721400
        0.3747328826838991489012
        0.5068212941969769680384
        0.2526128732919961095149
       -0.7783374792218213933381
        0.2302553192457761355172
       -0.8340466606970644569685
        0.0923520958247143752828
       -0.0035346061479717416631
        0.4851973542061063238151
       -0.5408584226201149647295
       -0.2416006381855284046445
       -0.9370076534682705293733
        0.8550638840050890365774
        0.0183038770620531643374
       -0.0379429532743177921894
       -0.0377207378188791353502
        0.6872405223238851057488
        0.5855945767425760895009
       -0.6188792690788882389086
        0.7787318859972565121552
        0.3888864422006936827358
       -0.8368424150308888531669
        0.1888567015283180161589
       -0.7176297389498080825376
        0.4187210096011568793983
       -0.9110501432925646181360
       -0.6378267450647698844080
       -0.8836083990539207455583
        0.7349476889458277373279
       -0.5606573072859477591123
       -0.4767256053359112399903
       -0.0404860174117840920793
       -0.3716686466462876814454
        0.4901797275459229830119
       -0.8139359626768212230274
        0.8895091888095691956551
        0.5663631544396838801703
        0.4090464984606301257486
        0.4518420098682447427763
        0.4553911977354911932991
        0.6459243145569106836490
       -0.2236468928184491833377
        0.8792161182869546731666
        0.9236623982235394603180
       -0.1302807560897898397911
       -0.7027444084652594291640
        0.9401393871175236505167
       -0.5875839350845200037554
       -0.6308023349779698918383
        0.6344937842480646850163
       -0.2130279198918358929404
       -0.9739650345104977624544
        0.1309095218371614244290
       -0.6316917667692076854280
        0.6293963329519198790507
       -0.7603476059851210777651
        0.6379928539163062239936
        0.5825823625275103889720
        0.5129265660928350456516
        0.9579487458033577595984
        0.8013097798150259354344
       -0.3655285162736286452834
       -0.0871466315861630924644
        0.9248150460201283173944
        0.3535589186991758836598
        0.0591776916521866702681
        0.6544384507165257325312
        0.3253659071836767502361
       -0.5537244573950184101108
       -0.4377369908898542383291
       -0.8053610809950355609033
       -0.1218342171933439188614
        0.0943834409872663648855
       -0.0215111000029702403857
       -0.6990557084597044390506
        0.6264692649133887236701
        0.7469780879217839952844
        0.7839185971222382143253
       -0.7066710716615447473998
        0.8808890262188078246197
        0.9567778235930313179836
       -0.0212824053356077680377
        0.9909191968269897010657
       -0.7683964607815729763729
        0.7792725504812405556976
       -0.7752859985796840547323
       -0.7588977638063183484007
       -0.0944461394931372932859
        0.8056901219564565064246
       -0.0492593118038087696142
        0.1840546257411819208727
       -0.0169289514114341899109
        0.8940650033208461522349
        0.7561620499833632269571
       -0.4504303835845528958259
       -0.3327859319714918107103
       -0.8483008067891986136999
       -0.2392954450378459996251
       -0.9057001470864007863781
        0.9348085444937126453624
        0.1927809339723935977418
       -0.0911069146000769714000
       -0.1800122959926597765445
        0.5813017295734930200979
       -0.9176450580903967590984
        0.0285831854293421283586
       -0.6180634210930426863939
       -0.1905984900860293596025
        0.0719700047859404001827
        0.3235750612035279694112
        0.4932511152104659402085
       -0.6687198854947000725701
        0.8419357303229584310600
       -0.2296780370164666629229
        0.2713886999876558014932
        0.3746883086488419500881
        0.8189594893034426448253
       -0.1475598075312267720705
        0.7104624537184536237078
        0.7041590298827085092626
       -0.9862401850882394072073
        0.5836721637379498339726
        0.8590103657481247267924
       -0.4706027044329366137987
        0.6192473669197766650285
       -0.4379377030358040379099
       -0.4677290915225928991106
        0.3529051832592513537890
       -0.8799260776774397996292
        0.2643806588283785785620
        0.4750794235711393032062
        0.8378159573678063409830
       -0.2311511650563784492363
       -0.3559239670245699649342
        0.6047886939839723918766
        0.3183928446418269331275
        0.8504271384837529534906
        0.3152490494324435843509
        0.5742785637338014836928
        0.3365439903713860481105
        0.7735236045075528643622
        0.5541295976644053933313
        0.6615620047598249620080
        0.1691796990623544161281
        0.8878198979803531010191
        0.9985662585277581548837
       -0.8264527933541314652643
        0.7338236485881735049475
        0.4500373924195431030171
       -0.6514320870705996302519
        0.2909326285490363428465
       -0.6401410744879982850364
        0.8202827973255610860548
        0.7358946289815810892776
       -0.2332076130905991195874
       -0.8312486506996954460647
        0.2711204315567350420224
       -0.6061097388919933770524
       -0.4847063171141003379283
        0.5056942438044029763944
        0.5549563728593214229079
       -0.3751175627252623101526
       -0.1824740565909927503263
        0.5831259457767912213200
        0.5712668505703404342455
        0.5619468539293608344565
       -0.8726766469912723422908
        0.0807069897004200065282
        0.6447103596505718847709
       -0.1022703844035257603196
        0.7642557116455437338232
        0.9757776296692961537360
       -0.3930234660459803186505
        0.6055774460676019987915
        0.6797553030854586175735
       -0.8100564383782697941427
        0.4254520204456866405707
        0.3481544186954805830680
        0.6674194870792971023832
       -0.5693266157748302358499
        0.0782681983134829728499
       -0.2748060218758712203169
        0.5909228228387395365218
       -0.5697635700271870273781
       -0.5638754155263860923242
        0.3200126746311804382117
       -0.2879130689919774943597
       -0.8510279682759029906691
        0.5943506258324307012231
        0.4036129179060758964681
        0.2727567096360394849341
        0.8234250642344171922105
        0.4415093385737141051806
        0.6026504329771091850176
       -0.4050723592278278051282
        0.7389684203899755665645
        0.5352672129070197293288
        0.0906477380570898105816
       -0.4829288886998832630582
        0.0049960293243418441023
       -0.0391907394085352911439
        0.9090655970949375053181
        0.9208437463901659736365
       -0.1929536701162178347069
        0.0855829687366294056261
        0.3930556749097120494696
        0.5451627716243372390181
       -0.8546450719186768907321
        0.3499767629401806523504
       -0.2426094050090903397887
       -0.1884966456588199612554
        0.4855539371733379461205
       -0.5960261545063498811459
       -0.8120867777123212949419
       -0.3385202543163696731199
       -0.4869716496508372238772
        0.5186538010720753710814
        0.6929199078061825112229
        0.1385836747835325066802
        0.8871857305613763955421
        0.6904181152335302495970
        0.8480628324225678582593
        0.8048662115101214986623
        0.6657399015637879280405
       -0.5999468237098302125787
        0.5900817462526628531805
       -0.2337571921953300879693
        0.9664292798404747752983
        0.8292505891472543577692
        0.0012133225382213730370
       -0.1390185084141624671794
        0.7454155808437314956194
        0.6375220060374511277246
        0.9131361105306008418836
        0.4115339831228630451676
        0.2950070283942669568944
       -0.6208333349476313767212
        0.1055108145860650381564
        0.9113116652219219737674
       -0.6778583561683766411932
        0.6968555172881858439382
        0.4928969378497314313137
        0.8629637746692959687778
        0.7388329110765701202013
       -0.0983175724601959566407
       -0.2845028568211724895320
        0.5752505069896960421261
        0.6908840848441579751693
        0.3213195755415461096760
       -0.0451147852229951684677
       -0.3028134952859375950140
        0.9467014653401055745974
        0.9817689337454673648153
       -0.6606325167799065312124
       -0.5208914025445532391956
       -0.1035973227214728731305
       -0.2821063418962272972834
        0.9275148974003992741189
        0.3985067121766858733167
       -0.3088961844693143832252
        0.9543188476495283456558
       -0.4831693115138260274932
       -0.7697089784990556182720
       -0.7710936225019275891412
        0.7994186564586689414114
        0.5990536442760769908489
        0.9438563192389710643226
        0.2240297865828444479064
       -0.9566259565280033072554
       -0.0824178322679331443190
        0.0449268117087111562569
       -0.8381750325545729296550
       -0.5968793513258576766134
       -0.4527345401700860194616
       -0.9451776053595675186614
        0.5406159900117881722537
       -0.5514474330332859164372
        0.2228310662529970898049
       -0.6080095496263617782517
        0.4342946564682703680660
       -0.9803089923034900010634
       -0.1940785691533881696103
       -0.3610326463470128199873
       -0.5073522980707712015658
       -0.3027401536244436197620
       -0.6193106149060321197197
       -0.6608421500658621106084
       -0.1056107054633870223626
        0.9314342441256657778581
        0.0096773749577705459046
       -0.8503342185567899225163
        0.9607715168769697111628
        0.3131041341249916065692
        0.5088565034173515577720
        0.9616687000669199569813
       -0.8248222568791838682500
        0.9765163101200551309944
       -0.7260002679452659535286
        0.0900839739765340041799
       -0.8418712157379073524055
       -0.4782695483588708107447
        0.6942748575165458291281
       -0.5435350486752512644273
       -0.3922052590197719901255
        0.2673639536114098547159
        0.6865501980096098133544
       -0.5173889884965474639245
        0.5040577077487145007950
       -0.9266159707744097140392
       -0.2186782834966036204172
       -0.2210431921235662677816
        0.2095576122620663728213
        0.9806686905450767710590
       -0.0725864984943400681772
       -0.6195316820405993851750
       -0.6333084405059796750947
        0.8434844361301321313817
        0.1538435366861103936742
        0.8487603996333694666987
       -0.7509743414118137394553
        0.2433924816122452483569
        0.6346193740435457364413
       -0.7743793550138928782900
       -0.9005532174099362130448
        0.3816254696324832274001
        0.1419415531386634121702
        0.5748563097618366590780
        0.6027184474728413121625
       -0.5234140437068464102310
        0.5390599472444967954488
        0.4502408854950323835453
        0.5141286829565170357625
       -0.8072644028159290385815
       -0.6016044663315431861861
        0.1594979971793721862383
        0.3092873064696370910553
        0.9625836296106453637833
       -0.1244219075199379798136
        0.8272180360591789849423
       -0.6666286711846245438551
        0.9313333530078080624293
       -0.9196857425568403243687
       -0.9636058568410112989966
        0.0717132335335737280957
       -0.1298707291702428379132
       -0.6370059713132398826474
        0.9207864709763220467664
        0.8030184933788513390596
        0.9292297111278153831648
       -0.6426425913891355978791
        0.1927851295810922849228
        0.0713960892881109199237
       -0.5661468100424840166340
       -0.7832566567294816373135
       -0.6497702190378618070099
       -0.8156531196121146187750
        0.3918777575346936714595
        0.1494764258460747896606
       -0.6344219131451196425076
        0.2672565851442736395427
       -0.0337969868686320840112
        0.1292542270799388326452
        0.7559278921771266368523
        0.8156538618762665393547
        0.9633874588772326497121
       -0.0821804902694344696634
        0.6073515524537993481857
       -0.8774841207246941721110
       -0.6138211205314001439604
        0.3718144899161845984281
       -0.8601802700227840769998
        0.9952667880748569118055
       -0.7762420245995582668286
        0.5927277224782148135063
        0.9792587583373215665006
        0.9973008377984879935241
       -0.9487000279441515360190
        0.3361370340227334274630
        0.1511697176375483842037
       -0.9655551627195080310884
        0.7386477026593678552047
       -0.6922340873684436068913
        0.2028800965925996457884
        0.4408635361404256158835
        0.9970925577243947568462
        0.7963238152949334569541
       -0.6224746766283777432704
        0.8793208092013697907419
       -0.3151283285919916909990
       -0.6121468388985853437134
        0.6122975585740646486954
        0.4820234986943985333596
       -0.6130321011581596479800
       -0.4692214187796690527676
       -0.6689459212357951045647
        0.0173303179612989133318
       -0.9494406949061990896865
        0.6898870294033678796097
       -0.8755382942677507607243
        0.9607336157689549960281
        0.2656071409561622242990
       -0.7500413423453418104714
        0.6175471451561991287349
       -0.8459104236928154385566
       -0.2737036664356295445621
        0.2004171727722323659293
       -0.6100278013232764973139
       -0.9652474211078794219532
       -0.3841041002099720991225
        0.9198965819056454940039
        0.3785686106018359975423
        0.5731917362366973911492
        0.3935673286920384761345
        0.7423333367506419477877
       -0.0071010355920975154476
        0.6223788323481249662450
        0.6469663901363245095411
       -0.6313265476467122550019
       -0.8647421399941630504316
       -0.0068255866632705441965
        0.4767222460549556117826
