        6.3691238004208203804524
        8.6438970954112406275271
        9.9526353168965595585860
       10.8422630609193451078909
       11.3540840022353233251806
       11.5863363272575572437972
       11.5821591185346797203692
       11.0320821475317352167167
       10.9506900220483114338776
       10.7996085525097722523924
       10.4071944781701137827667
        9.8783260445316454223530
        9.2271577799520230200869
        8.6452526342659563596271
        8.4634251643593252367737
        8.9927452326240278068781
       10.5602201485503410793854
       10.8166566747341725829301
        9.2127241596522928546165
        8.1466948366698108685569
       10.5837708676834569843095
       10.1597648771219191132786
        6.4333534416798778821089
       10.9425142613906967170578
        7.2103498402479750950533
       10.3432970048075851821068
        9.5672388014984139914532
       10.5433022980843613680690
        9.9350532610580977177506
        9.0068636845080138897401
        8.4920850138510690641169
        8.9734483642000704151087
        9.6450057476553787694229
        9.0405855062800615229435
        7.8528468287694659366593
        7.8982709610864025862043
        9.2698335761683647859854
        9.8649791230489558557792
       10.0009111509510137949519
       11.0518003517140623870318
       10.1227545967668142168350
        7.7931319920458452799039
        7.8235874497084765266663
        9.3719226173285612446762
        8.5092926514046638430955
        8.7816985013945387805734
        9.3726796641432681411743
        7.2932404662195677857994
       10.9116231883213838926849
        9.2854224136675007628128
       10.7137438186400384410035
        9.4726312315942848840677
        9.6793037414163460852023
        8.3027556592161655402151
        7.7373451753286843768365
        8.8240341195262548268374
       10.0261833375615108110424
        9.0440875405536349518343
        8.1471688160858981575529
        9.3842307285413468775914
       10.0041478611200815862503
        9.5247873845235275780396
        9.8334392243035750880154
        9.6421729040412387234937
        8.6619595304315843975473
        8.5850112842636878696112
        8.2128044225809482270506
        8.1115960833703368848546
       10.2306515839847005366892
        9.5851573645781318333547
        7.8462315418483266071803
        9.2741847968490134235253
        9.5740441896327173054715
       11.7354145928596800274590
        8.6208082034567894424981
        8.5971829836913027378387
        8.1056941919797615980769
        8.6713262393729255705921
        9.2284466402272506968529
        9.1928496336952996159653
        8.3951206394457056347846
        8.1943593286132898612095
        9.4159917744995009769582
       10.1831627199925147664317
       10.5617859325375871293318
       10.2036370300403440580794
        8.2400533573455696512156
        7.7432453458027961090693
        7.6093254579334361764609
        8.7307744807504370498918
        9.3546350332513021896830
        9.7524894644111732588954
        7.9095136460475670148185
        8.9396452120996396928376
       10.2221687122912783252104
        9.4177981510779069651562
        9.7721485019735716548439
        9.3047081064830319263592
        9.4918757863798237650599
        7.4314854773785619102000
        8.0522319685121530596916
        8.9359413159220899558477
        9.5548301962862023373191
        8.7724275254837316140311
        6.9444018482569518369019
        7.0992942045511941984159
        8.6601923122068971139242
        7.7587768812993100908670
        7.1151533003804727783859
        8.5196115540330943360914
        8.1313475626057183376361
       10.0288728997279044108382
        8.1508726524444590211260
        8.6353271957732289365595
        7.3455953303135812504365
        6.8404915848580607473650
        8.2220342063269917787238
        9.5046283146353136572770
        7.2604891643262785549950
        8.8698560910291330827704
        9.2507194801978123166464
        8.1038669722100991066327
        7.6927783280301369472909
        7.9907572033767566566098
        6.7621133814069374068367
        7.1464005749071635165137
        8.5462860000799825144213
        8.9400125553785638743420
        9.4385288602426875570472
        8.0647720278647625491431
        8.0901923082671789444476
        8.5940798272091925014138
        6.7453041781588911618428
        7.8771091016369405579667
        7.4457239361141471789551
        9.5139829968367735091306
        8.3301442732552164471826
        9.0520698166709081533554
        8.1570480452834512874460
        6.9888820660630885939213
        7.6159656127988926144212
        7.8042154328896682358163
        8.0819403311896529373826
        7.4627732780944695534231
        8.4072791412347687156625
        9.4942017236079827569029
        9.3199601986837770084549
        7.8229894961306030154446
        7.5307842528333654996686
        7.5001088045575663443287
        7.1356203445680206343127
        8.6461807715659713124978
        8.9256296511795909509601
        8.3162008397023754469046
        8.6353708621007871926167
        7.8697982421501748717674
        9.2778915868576241621213
        7.0856676510617999653618
        7.3067779044595004833695
        7.2571598297959898360432
        8.5810380840206779140544
        8.9657824364150062734780
        8.9593013775293321998561
        8.7912414731156438563175
        7.9836537253496819843690
        8.2695390247999878141627
        8.1272381857545550332134
        7.4479415034652598492926
        6.6612071407985578019861
        7.9811636501073293104014
        9.3949018758941900131276
        9.3404898686747817038167
        8.3608423128720392725199
        6.6456118285382403954031
        7.8662231693870090509790
        7.9877382026915197954509
        7.3060638647084710228796
        8.1471533912663165466483
        8.1412805348103471914101
        9.5284223267783758615224
        9.3336424149935588445715
        8.1079498716674560654383
        6.5572779393657318891542
        6.7994180714687173505695
        8.4058429287640290539230
        8.6016831487564875402541
        8.5281724032279822012015
        8.3853282714062373770503
        9.0246926001590672683506
        8.3867640195292043614472
        7.9630327245405698732839
        6.8132756309777899872415
        6.8738077654862115295487
        8.0560769354576322598405
        7.8845491064146662196777
        9.5241707998688358571826
        8.9364418660363416080372
        8.3062086621202855241108
        8.0475648090630649278410
        8.3364459777223860470485
        7.7540074446480460323983
        7.0455957524235790501166
        7.6889739420415592618951
        8.2518185078999941595157
        9.3362407501178434898748
        8.9698170139821744584196
        7.6902113319051297324336
        8.1085116059671449306734
        7.8758290206568775104756
        7.7150625563645158777604
        7.5978666171820394836800
        7.6507010896489751061722
        6.5085645092014559054405
        7.3935854891457584159298
       10.2412322139002558429866
        8.9740144989099590588921
        8.0288433744236140654493
        7.8288358521198277983899
        8.6622663015895167148983
        7.2729880024092521395573
        7.5926752828280879015210
        8.1832296570940172841802
        9.0254563510275112037107
        9.4110119330674351090238
        8.5117679966128960700189
        7.7020787009975180126276
        6.5588514062241385360608
        6.8120787935436464266559
        8.0157623430157265431717
        8.1746978007206223537651
        8.0820106867301202413501
        7.2926891500171899807015
        8.8193427370770525186572
        9.4460804516585703538567
        8.4524577455678979731601
        7.0727574225515708050693
        7.4481432727163268125992
        7.2929124334272241725330
        7.7204186368991152278340
        9.1002776911096887602071
        8.0497942730072225003823
        9.0011508816465166660237
        8.5625635423869432827360
        8.8589803644181692732218
        8.2387025422030770727133
        6.1194343340980479339919
        7.3658777953030361018705
        8.7271874408506917575323
        7.9771396205554241376490
        8.6067827608670999239848
        7.7401111040609436031446
        8.4529853956893479249857
        8.8660028429042707642793
        8.2964529831728306419336
        7.8908607010461135899959
        6.6394747273174958834829
        7.8292964802358175901986
        7.0951926822791033799831
        8.6290061471653132230131
        8.5812364045893705366552
        8.5110405791173580070108
        8.5260754811185286428099
        9.0305227380936532455280
        7.2429736773488366807783
        7.3499209878040172583269
        7.3045237853041120601461
        6.7719491451079925070644
        8.7674518211287182367641
        9.7115680766269054657869
        8.6258809904281967817496
        7.8255265605169812559438
        7.3884786921581282470584
        8.1905587231967462713556
        7.6408424920466737617630
        7.4001847079111433558296
        6.4887510218524644400873
        6.7054960879126488393354
        8.6262857039855660445937
        9.0806470200725044605861
        9.2029797982326684291365
        8.3258263908002678732601
        7.6280489655294232420601
        7.5154784859803278607160
        8.7142562571100192769791
        7.2505870603285220710177
        7.7349859285293964816788
        9.4720373158555890569232
        9.1976013957444884283632
        8.8628527137202013364004
        7.1189948793676860461233
        6.7487611385351957693501
        7.1258777258837628920674
        7.6654886323351059118636
        7.8066602078628593019971
        7.3294023532054577430017
        7.9278185052827359058369
        7.7699431951975803656296
        8.5818591689870853400635
        9.1069831211791392178156
        8.7753569825744079935248
        7.2253414808348335185428
        7.8750478812411683904315
        8.2409674672232622327783
        7.6771715028407694347834
        7.7633706775996342841495
        6.7632077613653542869088
        7.7389159743732678364836
        9.2208270751425089883924
        8.5897841663435077208533
        8.4380873015252877422654
        8.0340282978816350833995
        7.2905472603355940819370
        7.7733545819632032802815
        8.3976770286455657554825
        7.5985659814138246659354
        6.6761234824616426664079
        8.1373817657011926485211
        8.6015608341320426433185
        9.1735350720669988078271
        7.9252837018000965585429
        8.4236202388621936876234
        6.8469457342871855587418
        7.3747502191803224746991
        7.7111061064872217230004
        7.3814094071833880050804
        7.5705978641996205524833
        6.2780520620974371581724
        6.3801684402468179513335
        8.5978183925241946639062
        9.0392139812688494515669
        8.5578177975901805751846
        8.1487419426487175400098
        7.7573613804057837128880
        8.2140123765686556822629
        7.5506886918816640275054
        7.2638140294553839027003
        6.6951523709782492232989
        7.1131377014967949179436
        6.2411748835875604513035
        8.5408160005216480215040
        8.1350637535349292761566
        8.7212435096223668296034
        7.4679593963321355687413
        8.6201842700393100926703
        9.8373660519869492446787
        7.3539717780577831263145
        7.0874579390397904887777
        7.4242380735737985020251
        6.6813913009488334893149
        7.3691957192109853735928
        7.8310312598043747556176
        7.5728458382023982053965
        7.1731246397013830318201
        7.1571154069081970305888
        7.2822978937942508537162
        8.6071130756009495144099
        9.6199309633229557192635
        7.7920541028114334025645
        8.5161100952396679986123
        7.8676437126080349671042
        7.9913344333218789827811
        6.7606985835230082315661
        7.7676772515242635819277
        6.8240828005880729278942
        5.8121779944892466573947
        7.1214400987469721471257
        8.0233605274570702903247
        7.8395843035122974029605
        8.8561551033130641030766
        7.1175540025455088510853
        7.7276297680626875319376
        7.6995550594121011656057
        6.9609458279185716378379
        7.3726099995823908272996
        8.1857422800554751063373
        8.3912918096375186394198
        6.6618642456738781376657
        8.1910449000026392951668
        8.0819446471179681168451
        7.7087061496705517882333
        5.9331130091803574444498
        7.5512145781039494707443
        6.2747606255737800040606
        7.0252330316029061307859
        7.8484260034006334549872
        7.2269732469311565026260
        7.3659269213672802223414
        7.7390517896728256985739
        6.0382265991545738259560
        6.7053994366949520866683
        8.0678382404723816279102
        8.0229499347077606330458
        6.5763709300606638663567
        6.3904290391682909699966
        7.1096341097678603659915
        6.7945007025839450065519
        7.1848500375375117243948
        6.8651019133005668493297
        8.0824613040849886402839
        6.8600661296940463884653
        7.6631564373767471209931
        6.1462030975411110489404
        6.0199455632311815733715
        7.5355715875023312477765
        7.7253882010257024504085
        6.9501117821316267253451
        7.4000514269321087112985
        7.4946825580973515101846
        6.5147311829137715122329
        6.0519118334805126480092
        6.4440459003053769393432
        6.5174681625048673794254
        7.8479043914962005601410
        8.0656585012419146352158
        7.3904940039179614075238
        6.9040587128127937077693
        6.4770082546150353763892
        7.3851554759025797025629
        6.8624010331728841904919
        7.6448038003079545887886
        7.8134175603348605676501
        7.2561102822111003263217
        6.4144281036019936692583
        6.6972029492487754609442
        7.1057705631782228650195
        7.5872840172979971740119
        7.9015598649211602477749
        7.0193202658870328392027
        6.6250277522121274742517
        7.5067477569495775213682
        6.3808373278110694926113
        7.9823954124933909071160
        7.4121928003990227296072
        7.8306758232283524279183
        6.8540144634213717722560
        5.5903433889854721172696
        6.7248582728379560080612
        6.6106813883885600091617
        7.0098737864920428464188
        7.6613606097062563193845
        7.6729469953250006852841
        7.0586577918909014783821
        7.3225621717580420266813
        6.5753057087093047528015
        6.3289801062776085416317
        6.9015375285653304260336
        7.7178081790962007602275
        7.0739398835527502740206
        7.9249215764504752357311
        6.5245657017124756293924
        7.0673807443323779509115
        5.8185308189493252228885
        6.5116927562492712411313
        7.5037839172083469208019
        7.1511534077197183023600
        8.1219765419914207171814
        6.6428934355392250665773
        5.8790622920370907422694
        6.9972005130640946291010
        7.1075439494177876653680
        6.6795410338464495936250
        8.0517719924745350112971
        7.9498896586164686794973
        6.7677778878080241398152
        6.2092024136447276916329
        6.6581354020272334182096
        5.9548693718403518104765
        7.7769722275784785026076
        7.4217017481959182134688
        7.6198690257490078181490
        6.6754990590254301707773
        6.6189317289575813063607
        7.3431906768586072686844
        5.8550737073737355586900
        5.9568917689667024717437
        8.0478936866396910687627
        7.4425840533709894941694
        7.0435718812509939823485
        7.6285509152248955899722
        6.3546751257343823127144
        7.1254462181862914249564
        7.0107907085323555307355
        7.4021821428121752362017
        7.1916268557951390505423
        8.3006920078482586689006
        6.2221926224165535757038
        6.6342532638164639635647
        5.1187609243300276062882
        7.3641336372920420672017
        7.4476450542941146082399
        6.2938312767879986964203
        7.8903260309175475839538
        7.5642638098806980195832
        6.8359948042845726234873
        6.6550314864554822591458
        5.8353514787774996008807
        5.3874650203364655709493
        7.1970478079615931576996
        7.7558400376165286260743
        7.6131717188996317347005
        6.8903243469716706215422
        6.9886594212654102875604
        6.7366694823914103906759
        7.4574628135048337540525
        6.0500170654596114871993
        8.4919948812220003020457
        6.8562436893807783278021
        7.7031704664469886623124
        6.6794126974555885212226
        5.6913025118258042667208
        7.0543376647633131426574
        7.3448428629039117510047
        7.2391171591557963438390
        7.0556169270175583818627
        7.7691304510730603283264
        6.9093600915022364006290
        6.9655470555417418054844
        5.5121384124772072610199
        6.2068568204175722513583
        7.7915295838022933239131
        7.8469419588212074856415
        7.4859327666784620802787
        7.3927738587635625222561
        5.9974223829347117487032
        7.7226973218548247146487
        5.8612162794095263862459
        6.4847823076244628381914
        7.5937310640954196472308
        7.8972700533942870038118
        7.4495187605491341997777
        5.7787963254698295756384
        6.2474492948368940403725
        6.8634440521275497104625
        7.5290610675969116272199
        6.7277594251122447843727
        7.5909152020878352118416
        7.4117047194119889397257
        6.9546403804443208684916
        6.6526517624484515778249
        5.4447548701953261129916
        6.3123526769026385707662
        9.3203386629108972982749
        7.1029634395184748640872
        7.3736383016841768878180
        5.9400079493811954733928
        6.1257923411700270222013
        7.1364442617931134194009
        6.8505496578176696687024
        7.0517163406553509119590
        7.2821280304176161379814
        8.0232305810231867582161
        6.8649375699410279949575
        6.1283031443390854065001
        5.9278717437337684614818
        7.3635573885827474427401
        7.3911380273066678014970
        6.7733127907383678945052
        7.6136971065552057069681
        7.4963329821478961179082
        6.6660104972206264406509
        7.6664600372976421382987
        5.5375939593570722152549
        7.4832004788511019555131
        8.7153178649661882104738
        6.7425573464403889545338
        6.2297978519554542131687
        6.3057264371486239085129
        7.0012620062137820298176
        6.7436617367577147419411
        6.0520542113305104692245
        7.0223536998652402729704
        8.4752767751833175680076
        7.2353467202102699218358
        6.8290157524284120782454
        6.0665662428742406220294
        5.7934182863814793762458
        7.6840721679494148332878
        7.9716156602588608137694
        6.2390704784611852318221
        8.1633803583830744088345
        7.5593316835417150301168
        6.3631728558900402248355
        6.1363740967328244124701
        6.3773392240634372285513
        7.8358100084378694560883
        7.4208461025676477618163
        6.7714479414570840631882
        6.9774921114742785022145
        5.7268498472357300954627
        6.9609828939424662763713
        7.1319646719505556120566
        6.1314902206502468473559
        5.9981564085248386675175
        8.7223217894282765172420
        7.3876096926304759548998
        6.5926074663128018116254
        7.0753391785144481573866
        6.1346673503629167711892
        7.2003064884959186997548
        6.2278792960943656353834
        6.7561447435816432971478
        8.1257246150105313375889
        7.8213482909782294782985
        7.6472656325133732124755
        6.1799244237060468876166
        5.1288250258697418715315
        7.2164526746015544844681
        7.7814220984510864553840
        7.2187858377936384712825
        6.3546696371732362962348
        7.8133992728544106043387
        6.5085736897667487710351
        6.8288014468779687504707
        5.9452386597482167474027
        6.5656509810085355027809
        8.0260006949737690007396
        7.0010551721492921828371
        7.5596225415914961587305
        5.6738644586571114203366
        6.3754145579746497318752
        7.4073809076946455220991
        6.6880140120748849952292
        5.4714132451722825578599
        7.3233260908161650348802
        8.4570115360657691638835
        7.6125219745573069474176
        6.4809807451889893670227
        6.9126694876347078988488
        6.2705464357436175859561
        7.2822085186321476868443
        6.8248705050260847215782
        7.4609966015507733771983
        7.4760757697868607252190
        7.4993617002180483765983
        7.4816517601040297691384
        4.5975249957403176992443
        6.7475839779801907170054
        7.3295989535251608870681
        6.8017883674308681207776
        6.7793913047454559261951
        7.6121211726988562418228
        7.0629834962172184376072
        7.0356248044423184140328
        6.3895483889784907560738
        6.1191120072766471693626
        6.3748440036502689309827
        8.3524911465985134384482
        8.0578304361633925623210
        6.7364530953427195214545
        5.4813071922043610229025
        6.9257418971713127220369
        7.9259174253004980315040
        5.4244925820821734419042
        8.3084257682024258429010
        7.6238688181782281461096
        7.3614462377470211151831
        6.5562773894130135232672
        6.0735852067063431647398
        5.8211664801468492314029
        7.0534178847668416167949
        6.7151179955115427588908
        7.0700247511231903985163
        6.2144394594003866671983
        8.0314900589352689053158
        8.0904524960480728168477
        6.2768050263253449827516
        5.3016517786221015740011
        7.1194188998789318389981
        7.0838243879940705483023
        6.6512705791306796498930
        8.2680489847986624596388
        6.4142923657184658381425
        8.0481102827165464930204
        6.6956150864644605746889
        6.3369583515736023215936
        6.3954538249622370216230
        8.3303102184725723589054
        7.7887167226681732756788
        7.1111494800864356591319
        5.2573216489480314450589
        7.0796075803720821539855
        6.6959407785377695887519
        6.2555681791378807687920
        6.1546770179385434929031
        7.7522285969559385776506
        7.5203888718478948405277
        7.9702181054189304987290
        6.7583421933958431893075
        5.0984521399841060684821
        5.9739098744135734619931
        5.5887682617591121214673
        7.4841284677536368263873
        6.5522863898754906131217
        5.9969405460139899588512
        7.6182509574560883791605
        8.5197715572594709954046
        6.4408782397222301696615
        7.1074078188986460347110
        6.3377483992367764642495
        6.6004601854482825018522
        6.8347551647322184464883
        7.1348456588861610683239
        6.3116444920191510092877
        8.7134029583746670510891
        8.2822693799660864755197
        5.7773484637559926468953
        5.8719111739328662125104
        5.2269638797468100932520
        8.0792541640917647782771
        6.0267641624883578899130
        6.5894330780228127508735
        8.0149678831187394223434
        8.0412186821349056486952
        6.5391905151326321643523
        6.7638883019814040054030
        5.4464304658394269154087
        5.3018076082042089325341
        6.7615725940510698066532
        7.1561763483043545619466
        5.8713006755165570993427
        6.8881582956376803394960
        7.2659244002387364247397
        8.5886373528359474249783
        7.2970684620145132015523
        5.6482335333712052616306
        7.3584930053760606583069
        5.6574437746106189806028
        7.8575845443457579264646
        7.4824266904979133130382
        7.1512346331057790038699
        7.4965133504421608279245
        8.2754231225677905570137
        5.6985580156800166307107
        5.5299650103817441504361
        6.4460164012371548025726
        6.5247151345252314413869
        6.5848263802932534005663
        7.0283325668442548916914
        6.9973378049760270869228
        8.6229044024480501207108
        6.7957211839605395908848
        6.4420158519045926936997
        6.4091927325278250648921
        3.9130471680222114194692
        7.2179353425109944453197
        6.8069625890447715832465
        6.8908738716670061563718
        6.3750223633490046282191
        8.0701516225407878835085
        7.9173405798323246429504
        6.8552056220860402291351
        5.6693390448598925956958
        6.1186732304542879035125
        6.6390560221576224719797
        6.4242416490605860346363
        6.3863218516269721902745
        6.4100741598418373712320
        5.2080601907849572995701
        7.3838381243861581637589
        9.1187559439878800304768
        6.2749590496482658963373
        7.0335167560550324594715
        5.8761195735687836716465
        7.4756364669566837122261
        5.6824861512572049093706
        6.2190218491192590377636
        5.6307118656152130853343
        6.5136245438997963930206
        6.4916372811152127653145
        8.4656832305728801912892
        7.8774212381284121065050
        5.8218123331529740838164
        7.1354429325122197269593
        6.8884846453177672742640
        5.3689098356915057053129
        5.7049527762702672006867
        5.9512850479195567032775
        6.3535223869278762975910
        8.0253769774722805152578
        7.4990407820839246610944
        7.4231090852829231252485
        6.2888442592468276615136
        7.3851372539104556125267
        6.6192901458414246107509
        6.2484908030521539856750
        4.4559274932591463880271
        6.1519016081507365001357
        7.6848161014369926746781
        5.6482023265418037638597
        6.5464032707547854528229
        7.0245766426188458453339
        7.6091459537407803992437
        8.1253335990761019758111
        7.1811582248834140429494
        5.2954021016810886024473
        5.6648194047559234931555
        5.4498036193610550625976
        7.4764064101122693628554
        6.5526065191459244019256
        5.9690188831989141604595
        6.5531237660547327905647
        9.3750457194270850891371
        6.5448821486567734240225
        6.7442864086604803475211
        6.2705253648757164341987
        5.3200185799468115988020
        6.4457421115873225758719
        6.5404152756559046366647
        6.1758129071300595924754
        6.2114624472696906565261
        6.7484960109037785969122
        8.3240638945267040327280
        7.9955823018199820850782
        5.4621839138523125001257
        7.6274007132740786474301
        6.3286826315271778042870
        6.6623466077610604685333
        5.9181844561181478070466
        6.3641920853820659331745
        4.8023819931476294797790
        6.3457540488204475792600
        7.6785729185771254279302
        7.2040513276443860490872
        7.4457136976114419724126
        7.0581553028845593900087
        7.9088453775695430891801
        6.3585123181892413413152
        4.8525022438413678571578
        5.6037108070498282685890
        6.5152313220534772142400
        5.3695269300134640388933
        7.9735721772341658919458
        6.0708282945706857347545
        7.1358030420241531643910
        7.4471111622024164233835
        8.6227778274759909749037
        6.0607929473634882810984
        5.6286768238575115574918
        5.4857897418573235981398
        6.7987931280501339159628
        6.9941967712207926410883
        5.4927760064217627800076
        6.1952622928614227149069
        7.1099259443063429486642
        6.5112156458465495489918
        7.9905279448056232283193
        7.8196013784705229454630
        6.1163360431711790710096
        7.7720645203582892079908
        6.4535188401649969947016
        6.3594637743307842470131
        4.5134720112100357169993
        5.5363729686782319205918
        5.8779677303273709654263
        7.2739806819339083432396
        6.5695471474469631090187
        7.1495144603057863008644
        8.0595934671700426576990
        6.7005565105528637204202
        7.7325909899961500215682
        6.5862583577559075109775
        4.9933473043160914173200
        5.4842663618643383571793
        6.5615356910320352668009
        6.8817008637846424079498
        6.5872130705268983064116
        5.5316704066111386239868
        6.8272211576572043867372
        7.1410008056783551566582
        8.3060767107605073533705
        7.1013420658810479935141
        6.8216850622212881205542
        5.1450057347531998885870
        7.4400324154528609810200
        7.0830305358740250909477
        4.5866931574058265042027
        5.8086187818157863915758
        5.7720579014587940491765
        7.1280690500312555712981
        7.5111707639881748477251
        7.4331727700038632278279
        7.4672022729291205322966
        7.3718207937758748471424
        6.0833970275618920453553
        6.6352757190531139741552
        5.2680523693328629164512
        5.1124386308842364456950
        5.4271715964645830254653
        8.4917018179612977490933
        5.3140512889335376200961
        6.2929488774264523698321
        7.5196021176100256155905
        7.3312212297734742350031
        8.2311313589652588262879
        6.2187228948932551375606
        6.6097656355899827573808
        6.0763967434099832587435
        6.4324036398345425524781
        6.7175324835043337401430
        6.3493347739794510076194
        4.5500440483212098996546
        5.7965282245270506322754
        6.8252588201336807927078
        7.7651384067499416019587
        6.4375180748544273967582
        8.0744140134620856485981
        6.5486471681429572200273
        7.8090886432953716678185
        6.2722121559162262727227
        5.4896407900437411697681
        6.1559947664545306977857
        4.4143959817004763124260
        5.9958189236622816409295
        7.1117903324373372697664
        6.5174153794571294540106
        5.9643976525258137755259
        7.7434677199823918058996
        8.0140633984516274068710
        7.3811192872128543740473
        5.9132982012805648253106
        6.2483399729086643858977
        5.1065183989812741316427
        7.0376253757388136378381
        6.2514359789688604962521
        6.5337601442069965784754
        5.5390934523531676347829
        5.9173580375848615631185
        8.0721871451429763055785
        6.9145778662217249888045
        6.0543195705537122819351
        7.1665788800953178494524
        7.0810857213534177390102
        6.1899964471443391644812
        6.8239491333098518666134
        5.6625526596821487146372
        5.8467949723241341430935
        5.6459958568720862714940
        7.4994045918882443757525
        6.7790770422597317335089
        6.7121062472831702905296
        6.1481138894110562986839
        7.8981026811459624781264
        7.2008081490517774625459
        6.0173751340122541009237
        7.0855798418101336721975
        5.2915428618673452376697
        5.3104382711897208935170
        6.9619234724842362638242
        6.3368854772162830357729
        5.3879731716934289309506
        5.4576496956779241287450
        5.0346446697129465519538
        7.2235250739708432021757
        6.3756250240911391813370
        5.8660540098356594995721
        5.0313173420264512003541
        6.8534541576646947902418
        4.8238545582836582781283
        6.0457301426162342039561
        8.0807566273499507047973
        5.2198815550364114912441
        5.3289303085616364086263
        5.5037181151900860243131
        6.5225289399891721586755
        6.2427652761072511822249
        6.5517451282688261571252
        5.4220578484563182186662
        5.9542974507366741576675
        4.8942650070754423197172
        5.1872421155372610002132
        5.4354959988741677889834
        8.0254520145197343339305
        4.8860377798526375414667
        6.0070478708261223488307
        6.2227061033234907228007
        5.4886496668823205880017
        6.4209152030965626067882
        6.1021333472973751099744
        6.9473105385666800160038
        5.2924588282363425051358
        5.7651433865870620465444
        5.2680061091587537802639
        7.1095196792796313545182
        6.8156406769327499972633
        5.3097544256434403564526
        5.4026537203111582030601
        6.3067938664315157382134
        4.8482092787733126471039
        6.8824255554042288451910
        6.1957543324226884706718
        6.2225501454636713560831
        5.5336513051758675629799
        4.4304056785661032336066
        5.6195376046021792149077
        6.3403643948381116501878
        7.6106475218905487167831
        5.2677215193401831783149
        6.0072968392327164011135
        6.2383015033353332867705
        5.4695903454769068119390
        6.2503743266718068127830
        6.7527931117954107520518
        5.5560302972944191068905
        6.5106701096058410271894
        4.2778565904709777711901
        6.5865353320277888471423
        6.9173324790987793520003
        5.3822382395429402279774
        6.0729924174798286529153
        5.7190582176364124222800
        5.7260502856006629812669
        4.4505337448491602003742
        6.6994652023419751785127
        6.4042372847748918474053
        6.0732314086104848271930
        5.8227504660912767775471
        4.8476995351830938218995
        5.3669095020434696152734
        6.6031712324585525308862
        4.5562641401597261392453
        7.2332181560747237369924
        6.7707558119166026955327
        4.8712212177821010428147
        4.9272801807040593757847
        5.6418756492450095052504
        7.4150146943711714442315
        5.2655042476892539582423
        6.5371405863373617251000
        4.9128062817893258795721
        6.1639349982632456459442
        5.8147361895507643225756
        5.6927403497594335490817
        7.0649890524700893479348
        6.4247047321316390622314
        4.3057584392782803917044
        5.4710803797011360316560
        6.5369684762393012178450
        6.2291963075451137754612
        5.9761250491392914341304
        6.0444939094969658555101
        6.2686269403442445025121
        4.6443421916272997762576
        6.2252375250984677279575
        5.3248631406522113351798
        7.5718945369866217376398
        5.8268548988295352231148
        5.2630337453182347573488
        5.4578795659454817368328
        6.1919463207645799585066
        5.3607968911983077120453
        6.2038557497828126230388
        6.6982227956401487745097
        5.4972958168083616570243
        4.9326787583818285654047
        5.2326950965018701467102
        5.9755251371109814328975
        6.1659615367578961553363
        7.0461790848770844419846
        4.8056474554608996641036
        6.4567060750523417311797
        5.0686701831038174503874
        5.2678014379958009172356
        6.2271285051875189253678
        7.1235011259125569083039
        5.8514637397824049713790
        5.0649073598646427996073
        4.7971844279729332072293
        5.3064358094021057965506
        5.9550903970297284217850
        6.6812252877479814117123
        5.4940335243846840640458
        6.2383514202392253977791
        6.3377958493936166206595
        4.0535106409831094254059
        6.6568832261383246162723
        5.9119434166233215677266
        6.2720677273141696161929
        6.0786068361046314834084
        5.5552189625603043410251
        5.0118042590391214119450
        5.9095713789105017710312
        5.7100289773584549379848
        5.8642548900953634927191
        6.8838116507107312003200
        6.1356247107349544123167
        4.4914414657238177497334
        4.6765761145478190741187
        6.1866824098308486057363
        5.1565987142530200770807
        7.2510468743383302836492
        5.7060467064076796361860
        6.3054689743203233831537
        5.5587418574048443886682
        4.9638061558166270970105
        5.3881705457417758964311
        6.8643239300944101088930
        6.5679349461429241685551
        5.0015777306568347526650
        5.4191028045893103737285
        6.1159157614843540073934
        5.0585670186179898522028
        5.5276196223725273526384
        7.2192156941424645566485
        5.4999163168196707474067
        6.4517282310797927635804
        4.0035753847072701461229
        5.5555390634622980883250
        6.5681846991826988713115
        6.2693479799144871122962
        6.0358472600026562560060
        6.1004803204351452095011
        6.4494481338739868547805
        4.4554239540298050670231
        4.8275760759105565966820
        5.9390032782695154622843
        6.4892311367187893722530
        6.2553440021644890478569
        5.8378484985022307540703
        4.6102436193296787436680
        6.8778014739370201269253
        4.3875512338707434167873
        6.4328837174147519561984
        6.8105698163969670133611
        6.2232756419721946272716
        4.7472984627425303116866
        5.0664033907733294626041
        6.2997810590373397587882
        6.2437444583761863015070
        6.6500815149637517720294
        5.5058486995747690784242
        5.4478098891720998508958
        5.9398273495093114604515
        4.5511041331341779425657
        4.3999412062175000670550
        7.3307828801167298493624
        5.9616695375634058962078
        6.2485963664290355978892
        5.5434130024804373348957
        6.2429067064523069419124
        4.7428479702179959787145
        6.0106823609783788242567
        6.1312935172367080127742
        6.4147109575436127570924
        6.5603430607910535599103
        4.8203253423371235086847
        4.7831917375431478589576
        6.2485696584385070906364
        5.8343488975674864249754
        5.7540294674674319352903
        6.7599955043177200053606
        5.3411998283887998084651
        6.0947931724671029485307
        4.3670775544249398336660
        5.4724192792246268979284
        5.9180217304759468177622
        7.7877660450809056413846
        5.5160072168536489201074
        4.6150028967936718160558
        6.0844604178919254877655
        5.3205779538406146045304
        5.4081199451595738381116
        6.2936593576307400255132
        6.6245163165311957698123
        5.8710233582652717743144
        5.4913114255949446729232
        4.6720483351515547099098
        5.7809614297296416651761
        5.7033332871786281970117
        6.4235510765492742635274
        5.4038949736013961455683
        7.2373231323973721274001
        5.3897969903947204883821
        4.6346040402660264589940
        6.3793222331821164416965
        5.9940000169539588981138
        7.0258920950844130359769
        5.1666351465659419162080
        5.5170544954832250184040
        5.5791419833403166350649
        5.6267977174702226150771
        4.6598769544623905858316
        6.4415583355852144009646
        6.8171742081461683682164
        6.0849779884009072006279
        4.0796943219630987798041
        5.8619524693644162738337
        5.8225191538991296624772
        5.5200339264951692186401
        7.2203310359214700753228
        5.4392950347992066184588
        6.9413182532930441936969
        4.9128574788917651616771
        4.4943509035852935440403
        5.7163508211415274828937
        7.6443154299869142676016
        5.1349615443196414688032
        5.4268455816057148410891
        5.4926898499204659387374
        6.2765370313969617299676
        4.3886944465674906368235
        6.7442370899493955249682
        6.3772666506272921438381
        6.2210268754944069158341
        6.1026048746184002880000
        4.3187220711377989346147
        5.9949507982971619313162
        6.2294288807772559835030
        5.8798423896192915094616
        6.5779072953480630658873
        6.2252520182343316079709
        4.7862445382980887131907
        5.1629791585065225589801
        4.6265174901048657929437
        6.6490395732721632171547
        5.7267421810127432380000
        7.2890232415114271091738
        4.6300273715948350172766
        6.2188876522145539738062
        5.8502865496641724973870
        4.8305192392118145860991
        6.7006856734606525805020
        6.5451790440118315927975
        6.1338777050842709925860
        4.9351759605653322537933
        5.1791824683059202172331
        5.3611335042735044353890
        6.1013450457190030462584
        5.9222468495458846504675
        6.3771972720640590637231
        5.6439326026748641851327
        6.6984751060418012968967
        3.9030076441831340616773
        5.6473381658903951674233
        6.2054362479556006704229
        6.4154768951100118457020
        6.6103740833282671474080
        5.5284408242291114277123
        5.7557585437966505281793
        5.4776959897263397536449
        5.3422495006770915892957
        4.7664303411069059990268
        7.0846134569864860353050
        6.6807427469883968740305
        4.9627376105155533991820
        4.5878844913505369973450
        6.2412096399770193855261
        4.8314771331942658605385
        6.1756779517312381244665
        6.4552261243138007174025
        6.1731986287401436896971
        6.1737678975774814560395
        4.6902651025658332883950
        5.2772782363653218951072
        6.2118035156326714130159
        7.5031476397158387570130
        4.6187593737863208431804
        6.0688743373120308532975
        6.2693747501950856104713
        4.3369970079557518261026
        4.7401273595060695598136
        6.7202586472070491296904
        6.1177115829259554047326
        6.6164071990096600117681
        5.0545304681127714019340
        5.3357274972636581367169
        5.9973306304386078124935
        5.4910225556336289542969
        5.8740332021112244831329
        6.1375736013291941617354
        7.6196152221767725620793
        4.2805474773408329625113
        5.3281445140572607499507
        5.7695845946680339721979
        5.8266241393211899435300
        6.1338738808844919248031
        6.4057192796652797639467
        5.2548050496376568219148
        6.6257649577547050867565
        3.9236419055353715101830
        5.1053253258742552489480
        6.3460227387463126191847
        7.2731785970210012237658
        5.8940018526041244584235
        4.5459807130185261314637
        6.6130157423173567821095
        4.4220645027431224605152
        6.3434303704250307731627
        6.1016669197543489389091
        6.8038875780598164766388
        5.8317467619969285408388
        4.8845649510815762894822
        4.2369577045940962634063
        6.3833986168367218283493
        5.6413125132509156500760
        5.9365100672474220289132
        5.7365381744701240407380
        7.1137541240127823982675
        5.2836560461184172154958
        4.5334778511451654381403
        6.9154324867650061037239
        5.4982943455891941653135
        7.3727990532043126137296
        5.1290388367113015632981
        5.2810189304706822710500
        6.0271579854218195748672
        5.5404219780858676713819
        4.7953303371381501563064
        7.1065372116131504398595
        6.1697859121348335165180
        5.9081214641875510196201
        4.6325982484969374652906
        5.7443325275960575027057
        4.8362299310389653683728
        5.7033318464233291322785
        7.2088324836373880444285
        5.4195790710286173563759
        7.3049576719538569236079
        4.7810780626822495520400
        4.3232397838224922992367
        5.6656225907195896240864
        6.9233685011320735824825
        5.9072027395089738988077
        5.9801894174912604285055
        5.4357871210580910315002
        5.5519622835792157289347
        5.1762479619652248530315
        6.1421101216533733335723
        5.7648585908685667789086
        6.7444767201000912493214
        5.9225648122004237450255
        4.2080288915200201316225
        6.3282075353841698017732
        5.7238670578586186010739
        6.2712035957667016106143
        6.2884876115003276453308
        6.2515074689196952206771
        5.6879365816210079032089
        5.3752241761167827149848
        4.3901941918085531924021
        5.0995512980029031879781
        6.5081124348472574325797
        6.6826778721301636210228
        5.1362210711613149882737
        6.2167311880019688885568
        6.2771338247724779435543
        4.0810250381072235015267
        5.9291180735538002721796
        5.3343424244048911475602
        7.7320289802144905877412
        5.7195723643106877176479
        5.3583132819365735244332
        4.9828193118170425179869
        6.3110854195928869359022
        5.8236328618372468213238
        5.6490764005079290299705
        6.6785875157995642226183
        5.9488555067587967073450
        4.2181398317667175845713
        4.7832232675707144764488
        6.2495309852983043086283
        5.6687423922258854958045
        7.2778283425006398132950
        5.1260703896190937811639
        6.6278846277786982454927
        5.2790109175994404111520
        5.4934492736875695229060
        4.4165620197464301455170
        7.1780273289633544919752
        6.9350703159035163025692
        4.9019681533382222227146
        5.7190059005077893417024
        5.7406710154567655024493
        4.5309720887401816469264
        5.2208552388967204294090
        5.6501231895748471600882
        5.8519142992604935571421
        7.5243134990402449346902
        4.7552610144138567349614
        5.3504683135287178785688
        5.2298969270979247525588
        7.4202602252379374903057
        4.9169518217822991701382
        6.9836259776846683067220
        6.2397774915103791926185
        4.7133349724844118000533
        5.1097778143953540563871
        5.4288044785641060840931
        6.4113694337481303975323
        7.1064206063881041330887
        5.1674695858104451318127
        5.1217180576650855883258
        5.8175443070850629823099
        4.8275353228862298848867
        5.2390896842805272370924
        4.8167612191625268636130
        7.3791848561848105703120
        5.7681064535387989167248
        6.8298074295655117893489
        5.1405985255860251470494
        5.0799025182908383868607
        6.2251949979174057148157
        5.2485439433484719629064
        5.7108012190098591531751
        7.3230902840548415255739
        5.7083097228912826892611
        5.1032291472486059902280
        4.8970282726501297432264
        5.4375285141617650808143
        6.7264230070483739254428
        5.7116991524369007393602
        6.5854720715818677589937
        4.5330593763076887370289
        6.4264682359112290654934
        4.7612055056022395405080
        4.7786272619508070036431
        7.3487458204528737226724
        6.3580621234041458933461
        5.7067231379120864076526
        5.0947769680966601413274
        5.4914776024098612694502
        5.3332580260560487062094
        5.5989056644885293323455
        5.7263164817460170397112
        6.9591902510600176512412
        6.0141321216436622876245
        6.2121796722993494199727
        3.0976098630829045355028
        6.0369253687929935736634
        6.1382970659333793150836
        4.6915410465757281244237
        6.5718738554995974610051
        6.2635088398866693992773
        6.5824117071191539096731
        5.3816323889246140410592
        5.2223873619334577611539
        5.5110627135441596635701
        6.7304953709392902894137
        6.0101800904295403782385
        5.2652108781628035316658
        5.6821242126690849616466
        6.5526049424342787119713
        3.4111730524821846088912
        6.3867172390707942497556
        6.9888371573767091859963
        5.9023584406008211544759
        5.7450012518503612568566
        4.2362169753547833650487
        6.1204967897925310893470
        5.9713904300218434428871
        6.0738569055751288061629
        5.8633631517764950302762
        6.8612217516805928951840
        5.3449239723773995791589
        4.3619849861004746927051
        4.4801451018350411104052
        6.7896163026284783725828
        4.9979648534514691249342
        7.2294573963707868813344
        5.5759342362644304103014
        6.1166624629815071756411
        5.8962373382984090142145
        4.1891531554333063525064
        5.5051190119476274276167
        6.6035273605529249962842
        6.4808542020497839075688
        5.4923785151503983215093
        5.8435261058876619699731
        6.2274412294064642736657
        5.3764937653587692167889
        4.9933518080578460640595
        7.0567595684438995107257
        5.4230072992793001418477
        7.1213208408033530361081
        3.8038302840930020565224
        5.0176661872406329578666
        5.6524296712915136353672
        5.2426806945001480642077
        5.6832271705753489854374
        6.4460309280035694712296
        7.0284843181810190415604
        5.2670182206641085187471
        4.6307029094041816108529
        5.3265372616799124827480
        5.9107863415101977722088
        6.6143021650267739275364
        7.2042977796723519645639
        4.3161548566327079257121
        6.9891415204571192276717
        4.6190726844555403118875
        4.3740028621986368762009
        5.3057311361367149871171
        5.6106625334377469016545
        6.6314324883833748458528
        6.0674630677172434189970
        6.4477351046061466277592
        5.0366905032242588191593
        5.7324589302656878686548
        5.6074732484088860573479
        4.6006337627584903415823
        6.0578171439455932301144
        8.0857502029364756168661
        4.6100744800520612187711
        6.3142271988279095040753
        4.8960211610630883782846
        5.3648961310810658886794
        5.2125158271221403438744
        4.3719796381257189921143
        6.2586745306493156704164
        6.6834229571334393682491
        6.7823155439817703893368
        4.4184482198196786129074
        5.0003838104144024967468
        5.8803626826594292964501
        5.1097812906912443153828
        5.6158726616969509848332
        7.5333344456377755449239
        5.7475372380833773533482
        6.4741765372686712609607
        4.4301443023480038263529
        4.6769053877675048624951
        6.2459559558632946618673
        5.0545234128609672907828
        5.8981053035783057580943
        5.6851250380199767064937
        7.5326429561471055507127
        5.1489508140038990902099
        4.5494546810619995724778
        5.2353435005519548539610
        5.1847249999590214741829
        5.3839194611814606972189
        6.8908573872440799235051
        5.3048933736667089888783
        8.0475583737047937660236
        5.0354453020212739389194
        4.2939755223026860875279
        4.9202213604117082113021
        5.5016929847336957237758
        6.6832009083899635015769
        5.1296974005266458007668
        7.0698743774750525403761
        5.4931470145266860782840
        5.3856193468379736088991
        4.8710362805658613538640
        4.2369353074063829112106
        4.9289678753033596692035
        8.0935712025103452305075
        5.1874841429594722441720
        6.6123692457034985991982
        5.8750005518358454636996
        5.2875804148837488583013
        4.5760352472101857301823
        5.0312525301061361560073
        6.7656869829199548505017
        5.3538943256665110226322
        7.0642702635616521078532
        5.2460727483284710359612
        5.8453146510863458473750
        5.7894707434001739798646
        4.1970373970726404522225
        4.3400082059813485102495
        7.5433850828402748689427
        6.0674360613970019784347
        6.8485152979106951320887
        4.9136724474670865348003
        5.5909772759348079773645
        5.5056843780156752288235
        4.7139327494153464570559
        5.4558321161725356063243
        5.8160976270231001805655
        7.8908332434927856979812
        4.8927270100241857520018
        4.8556562977337200948114
        5.6599155831063532318126
        5.3709629779893015566472
        5.1818683331336545805357
        7.2594917306780368804198
        5.9743059328294245702295
        6.8949372055265962799808
        4.3417139445758055060764
        4.8128909127064520845352
        4.8927919026618482689628
        5.8220731495008033462568
        6.2776456080319391617195
        5.0610264194739773557785
        7.2889184487911915510949
        6.0114000599378965006281
        5.0478150017373311086999
        5.2433816530775851916246
        4.9619814224342393416123
        5.7741999345177230651416
        7.2342057877382028863167
        5.6918736934045766062695
        6.7055144241464850196621
        5.3452239130394501032129
        5.0215847562096946887777
        3.8842221117533575203140
        4.5137646709781558129748
        6.5330264966810442928136
        4.7232686866057100871785
        7.3523008183456095565589
        5.6317806274410147082676
        5.7927097876604651816024
        5.8232822742912384583747
        4.4273949217950212542405
        3.9095836687701095435443
        6.1400728215432591738931
        6.7879014537697290876395
        6.6828907345048360610917
        5.6780258042412095065288
        6.1337919878910973636721
        5.0222127380204595326063
        4.1847396612262652837444
        6.1166975459425447780859
        4.3958420881761686160871
        7.5316596866148168842869
        5.9285273125002682093054
        5.4666016349113739636323
        6.1383405807248356822470
        5.5375036205549488244060
        4.5669003394626841441095
        5.4193382861403796013633
        4.9136336140173986208879
        7.1106494732546474679680
        6.7562750975872818415269
        5.8333940003228299531202
        5.2797634582574008987876
        5.3882247912205807338637
        5.7190546871354657199049
        3.4825948045541816888715
        6.8352083749892713626650
        6.6203246654895755440862
        6.1162573785115137425805
        5.4024682436345079494799
        5.1699276824812310238144
        5.0352208220214764722300
        5.7548358888580457559669
        3.8866668259100176641141
        5.0689583118955274798623
        5.8085241371300737611705
        8.0612045798075335767408
        5.3799610077706416788601
        4.0636073932070777559034
        6.6666525300881200877257
        4.5502683338377147848064
        6.1280280634634323178034
        5.8963627237090223687233
        6.8307667071252611279419
        6.4341984493688029189684
        5.2318783527791614673674
        4.3379928903103612825021
        5.5640386212949168864839
        5.2353649712026584239766
        5.8192683004257181877961
        3.6969041264201423224733
        6.9338585539495456444570
        6.4243599693635182745766
        5.3970160355641585425701
        6.3433287272188243477444
        4.0676394732583283087024
        5.8563139988621246700973
        5.4309574792088124439715
        5.2474674746418576987139
        5.8295933196837044221184
        5.5525721702553427761018
        5.5339328227048634190055
        5.5521670287516062813893
        5.3185328660021307101147
        6.4777265223870674759610
        4.5680902795921616288410
        5.5372355171348806024412
        6.7297367924173139286381
        6.0337499575970356957555
        6.5582399815340703952415
        3.4819292702217157220446
        4.6498234398213771356723
        5.9056602785030705149438
        5.6553843783685087132085
        4.7942916590493078743407
        5.5484330795661271906738
        6.7653774184195825114330
        6.6623615407078942141084
        5.1259792203128480281293
        5.4890343367996399237541
        4.7483209955170302407623
        5.7820338101254673546237
        5.9253094532694063900635
        4.4824386937142985942728
        6.8617550693802229488938
        5.9185778727779094765538
        5.2464358416917491467757
        4.9086245738057456833303
        5.3378253176048620076699
        5.4680027088855469585837
        5.4914098312905981202903
        6.0385132343997449666517
        6.9068315528472989939246
        5.8425258846665544254506
        5.8563209448842981075245
        3.9474283966602650153277
        4.1538525702477793188905
        6.6326819415908833121875
        3.9056197994272965345885
        5.6038712485606616553468
        5.1087918396363223294543
        7.5213767395371959878503
        5.9083983363316168180290
        5.2548461260094336822135
        5.0835621361572682630481
        5.0222084550900234489745
        5.8296952471146097352062
        5.3670286452142690336586
        3.0040743284881212815662
        4.7546320081461992401728
        7.7006336146196900926952
        5.2474091756262728480920
        6.8256682588742760842138
        5.1078487121979465612753
        6.0610866357268253779012
        4.2299799429528812666490
        5.0729258054097021712892
        4.0387999323541619034472
        4.8338578363652295877273
        5.7923589030032598401476
        5.9961362123284391856259
        5.0367765905244938906549
        7.6454001917229401641407
        5.5457164961345855047625
        5.0848748496013014275263
        5.0287748345610694400420
        3.8986760068549863866849
        5.9764575920266640451928
        4.9785115611229144860772
        5.2084205714490057204102
        4.8026580552720377070841
        6.6574554269935122263746
        6.5869313824536837032042
        5.1177237395032548761264
        5.7054345051104906616501
        6.2173285249039667021975
        4.2622866875796603380877
        5.3828201567511371194996
        3.9866373176499361186131
        3.8009111035892031438266
        6.8967934391279666073160
        6.1596325247970957761368
        6.4344466046680537374414
        4.9502672341742162132050
        6.5857235204520456761657
        4.9370595028683785798762
        3.9934347268400802732913
        4.6867039177653069259577
        5.1510790295010195904979
        4.5596141587047256393816
        6.7866215180854485566897
        4.9511148210660866908484
        6.5500374641981382595191
        7.0259786345653667538613
        4.6404700804353931076207
        4.9026974444292150678848
        4.2746939687382079497979
        6.5324445977767853221962
        4.3569870457297854571266
        4.4551995648573576858098
        5.5579065132485547806596
        4.8771648145623238690405
        6.3130370547343783727001
        7.1112183161578386147994
        4.9858213387918821624112
        6.2881719822716881651559
        5.7680721748077132815524
        3.6571975262528915173732
        4.4613807930952402713842
        4.0377277979027832444103
        6.6515543564200383386265
        5.6676242998151336038859
        6.7377868824045865636663
        5.6864632867465338961210
        5.8498863106767489128401
        6.0431604352439931560070
        3.9517052999411292901755
        3.6400488917646560693697
        5.4079418933465923657877
        5.3429598973298473296722
        5.0541839103551167156070
        5.9346802368179485398514
        4.9837895620049730283085
        7.2869967924295035999194
        5.4343774324353528726306
        5.9537335426276092320563
        4.3352892838041885426037
        5.9704642750480196866647
        5.5390288567098133754030
        3.7784457433139579940473
        4.0405282841067187149520
        5.6754309397007363102716
        4.9144912383964838298311
        6.6778774519791816999259
        5.7786525090354565747930
        6.0212569266056936712062
        6.3240984400318360769688
        4.6550391368153984927858
        5.2494045565956719556766
        3.0535630555842634414887
        5.8368999355887982716240
        5.5296477853038847882772
        4.7051867368017692427884
        5.5115926219981741240872
        6.6257631485219050659907
        6.5111445127459735005004
        6.3735016481592792203514
        3.9732697033837731659389
        4.1705665875749886595258
        4.7791251748072749450102
        5.6500588377678422347117
        5.6888977664387700983184
        3.0486770459401242305830
        6.4595032868654103097583
        6.0523672038704869891035
        6.1798671629449861697481
        6.1750079728722457872436
        5.8932614020032811907868
        5.2884695179763374639492
        5.4707785829155550771929
        3.9778891294067086903397
        4.4667566360294337357573
        4.8159329467061962049002
        5.6552663835511278733748
        5.1128003664363230740264
        4.3803045447245168020345
        6.9434043303194048490923
        5.3539623725962321998395
        6.7256119832545637748922
        5.0954339208442283037925
        4.2562837922406391300001
        6.0795316639869030339582
        4.9547075812329675059686
        3.9164367955940764254308
        4.6239727553615717070556
        4.6881646705912425332485
        5.7753190804637117850007
        6.3615116766556543126399
        5.3556606000886270990691
        6.1838095747709109772927
        5.3948511900702600385671
        7.2947527709209332158480
        3.8448433162135815521765
        3.9843643373287656039849
        5.5417886104035458672001
        5.1675049825296479610870
        4.8492533238148398666567
        4.3940079646360690190932
        4.2273631033971090786849
        5.1719230875093762378469
        5.7419923109734796184966
        5.9696944861179961350217
        5.4042784450174572441483
        4.2879495173411168451594
        6.4263823405792770415701
        4.8706890524637485029302
        4.8415080102457839217323
        5.0028202510236541300515
        5.4752102515475646882237
        4.7994979452687518417520
        4.7737575444031552507340
        5.5026034263213041697327
        5.7261418293215227137694
        5.0963254814365601674808
        5.6002842651753139691095
        4.8015822971431383336949
        3.8279488045452132460866
        5.3447644076703104687454
        4.4742065040414820131787
        5.1280174703687926296425
        5.2049077012230755556743
        5.3268102125490770504257
        5.9400635747796153296463
        5.7905235919053517079647
        4.7794856651286439230830
        4.1099061378727403948119
        3.8411052317908844777605
        5.7049150100004357710759
        5.1958333036971779961277
        3.9474200235121492674750
        5.8360773352324528673307
        2.8719994195150815308182
        5.0979561506127559766810
        5.6270639347774658034496
        5.2265368416781026184026
        4.2436725039614664467535
        4.6158098465467132243134
        5.2409472324539354559647
        5.5698186069064545833385
        3.8869930176399232202300
        4.8272972738708794793183
        4.3822151626533258905738
        3.9567201175324995254812
        6.3938910351058302339311
        4.4192852642508313465441
        4.7396945931090002090968
        3.6174974528780867721878
        4.3728976785249384917620
        5.2733809083348601731700
        4.6849156515014920287854
        4.9647415602809106260906
        5.3434479476130807285017
        3.2334339089275259127021
        4.3097324059701742626771
        6.3403693964723704112885
        4.8269696349207604768594
        4.9479306940660343627769
        3.5700210367261266952710
        5.4909087999571815075228
        4.8235942868288512741515
        4.8041205048940049948669
        5.3817621993173254679732
        4.0050006235281392363845
        3.9818198467051288957919
        6.0089946276202619301898
        5.0543987783237378508261
        3.6967119448734693243352
        4.9047228641652358405167
        3.4654016374990384008470
        5.1059751343763704056755
        4.7170540577041926155744
        5.7716942602000669282347
        4.6849768865996264111118
        3.4526793594101641282634
        5.2775732759316182907128
        5.8173617009935378874275
        4.4433442828594298390499
        5.0503045013827350118163
        4.8139798174389341056667
        3.3842743629312006525822
        5.8191223464160186651384
        4.9021261850453274888650
        5.6061453224220363367181
        3.4204087867539421097263
        4.3817252214621795758376
        5.3628702580206963901333
        4.1921022454100791421183
        5.5131024031236082194596
        4.6165479914769553815290
        3.7007888893592291168488
        4.3214206566327506564562
        5.8975564700033054066353
        5.1262961765979468964360
        5.1013394134084624198522
        2.9146493337926369093793
        6.0883198240794689226618
        4.7713385924877407262557
        4.9538140624741417994414
        5.4047195658480093882758
        4.0092416629040448228238
        3.6538725140490830867179
        5.4631260285577969426640
        5.5266306577858648196866
        4.7486641308842889586117
        3.9471808053423682594030
        3.5669556899405425731686
        5.5628687941089163260244
        3.3775824922042962938917
        5.9437523447734070813908
        5.1396871087396904798084
        4.0920721823603320999041
        4.2148168146558671054436
        5.4032613379024239108617
        4.9642724277217009642982
        5.1980542774150944040912
        4.5271735352943851538043
        4.4792032307864726448088
        5.0493047669678050581865
        4.9040135881868769374137
        6.4031352958481972947880
        2.8284877753917352372071
        4.3435741387780533173668
        5.4125356367377870370206
        4.8588083925008973551485
        5.0836950226681070219570
        4.6037013481848010343356
        3.8575842534433490982337
        4.0032344564734474445800
        4.6132606742005171085452
        5.7826423977082361815860
        5.6540859732504493706529
        3.2003029671585814242007
        5.7934139601558030108208
        3.7953044934686066547158
        5.0906651248301049150768
        6.1189725440686029145354
        4.2417282603259103268556
        4.3823545245918484880576
        4.2080505921124613522011
        5.3140051973945210406214
        5.4355175834314497507194
        4.1290008035499985439287
        4.1051375594376580124845
        5.3253545363536982648611
        3.4144570340174094091878
        5.5999406795415751503242
